10607616
10729147
10952215
11560904
11588252
116197
12167372
12519904
1378589
1404414
1413518
15709013
1596359
16288912
1633329
16477033
16625209
16717141
1706781
1741283
1748306
17495012
17506661
1885602
1891362
1920638
2106661
2110104
2152993
2165140
2169023
2175877
2176635
2177446
218974
2208276
2303040
2308829
2410771
2438428
2443710
2446010
2475853
2536922
2563381
2762114
2762326
2825118
2825129
2825773
2833673
2862587
2989797
2997750
3009897
3021993
3022006
3129565
3132455
3185561
3229178
3387438
3554237
3558370
3562229
3613974
3628014
3644235
3701863
3797254
3840930
3999194
4092932
562166
6084597
6089336
6173742
6179630
6180116
6186397
6187471
6200827
6203900
6298805
6315726
6324132
6546796
6783075
6816230
7473754
7501013
7543594
7545960
7558037
7563119
7635217
7684772
7692084
7774916
7789973
7828589
7870583
7870595
7877164
7916664
8069466
8132574
8144039
8288235
8388099
8393987
8428662
8464711
8499947
8502570
8517031
8585987
8589720
8643651
8650574
8941325
9204548
9225050
9226372
9733890
