0
10024243
10049768
10049834
10070739
10073689
10074073
10074193
10087258
10094622
10199569
10350062
10409733
10438832
10468622
10482585
10487763
10490628
10500216
10508838
10529804
10547039
10567566
10571029
10588720
10600593
10603167
10606244
10606662
10618489
10678824
10682860
10684929
10684968
10706094
10721988
10736225
10742179
10747997
10749992
10766734
10775111
10775595
10792466
10814723
10817759
10829025
10836788
10848968
10851082
10869066
10882131
10892648
10893274
10899150
10902565
10926492
10926523
10931843
10936046
10943892
10957642
10958663
10972807
10984439
11024185
11032028
11044080
11050243
11056398
11106375
11119581
11125083
11130079
11130983
11142379
11142387
11160685
11160898
11162089
11163207
11233983
11243816
11250909
11251852
11258795
11266566
11271425
11283358
11289804
11297556
11313346
11314024
11337479
11350030
11350032
11359559
11376950
11377416
11377794
11384976
11387227
11389836
11389856
11419940
11420678
11424937
11441810
11445539
11448770
11469857
11470904
11481034
11494137
11497434
11502000
11504736
11524702
11533169
11533666
11533718
11553332
11562164
11594746
11601842
11606788
11675000
11679670
11679671
11679672
11720292
11724565
11726521
11726522
11726556
11726689
11726695
11726932
11741608
11752286
11752287
11779458
11780637
11804582
11804583
11821910
11832212
11839493
11842100
11842102
11864590
11864616
11865046
11869452
11894917
11903044
11903622
11904380
11911359
11914277
11917098
11943474
11997338
12006670
12007400
12007417
12023841
12032087
12032319
12034871
12038685
12045094
12045143
12045206
12050232
12069726
12084570
12088147
12095916
12101121
12101127
12119114
12123448
12136096
12136108
12140321
12140330
12177299
12202040
12202214
12202758
12206459
12212848
12213198
12215523
12225663
12226481
12230973
12237106
12359429
12372436
12376536
12384597
12409454
12409455
12409471
12410317
12410838
12429122
12434020
12438643
12440983
12456892
12457565
12458083
12458087
12459273
12477388
12477830
12520023
12520043
12520048
12523999
12547201
12554859
12554860
12555070
12559920
12581634
12588972
12592007
12610131
12612584
12624257
12647258
12654996
12670963
12672692
12674494
12682055
12694612
12702767
12736298
12736310
12743042
12746837
12747828
12756322
12762038
12767992
12769849
12787499
12791173
12810910
12812784
12832220
12837039
12837699
12844358
12851400
12853629
12870716
12882959
12892895
12910260
12912925
12919683
12919684
12923257
12933794
12954222
12970412
12970751
1309954
1310175
13130137
13130513
1363808
1371186
1372677
14500815
14512577
14517075
14523230
14532132
14561883
14568251
14573789
14583190
14585345
14597663
14602737
14602901
14602913
14622422
14627808
14633993
14651627
14660578
14675766
14687082
14687944
14691248
14696330
14704351
14718638
14718920
14722290
14730027
14747573
14757051
14960365
14970388
14993645
15003116
15003457
15016447
15029187
15033563
15096624
15113895
15118162
15126494
15146081
15147837
15153244
15157107
15175754
15183307
15183728
15199136
15200956
15210934
15210936
15215334
15218192
15220437
15220455
15234000
15242611
15242645
15258262
15273327
15288778
15294872
15306656
15310658
15314170
15317971
15325244
15333696
15339906
15345052
15347681
15351207
15361858
15367615
15452207
15457265
15466019
15466020
15466035
15472076
15491147
15538371
15549109
15554980
15556860
15565159
15592404
15608278
15611297
15618228
15620655
15629717
15630477
15632092
15634332
15652478
15659354
15680415
15716270
15735639
1575083
15767280
15774722
15777733
15793584
15795270
15797018
15800047
15805478
15811851
15811915
15811922
15829500
15840815
15854907
15855153
15890906
15891114
15901636
15908588
15911616
15913835
15919954
15923376
15937218
15956576
15958166
15965474
15965789
15978578
15987805
15987815
15987817
15992540
15994906
16040653
16083861
16086852
16087735
16110529
16137905
16141075
16141078
16164991
16168080
16183745
16204185
1620624
16273071
16274478
16301601
16344563
16359331
16361266
16373490
16381836
16381838
16407312
16412980
16438677
16453568
16459310
1646389
16474125
16484372
16491091
16505370
16513633
16540699
16557291
16566924
16574773
16582102
16615891
16636284
16682563
16698962
16699515
16705037
16714446
16723659
16728979
16750530
16760464
16766679
16778056
16784238
16810258
16824179
16870723
16912324
16915236
16954537
16954541
16959252
16973894
16990247
16990549
16998185
1701272
1703005
17040131
17066261
1707519
17090581
17105755
17164334
17174894
17174895
17182867
17189346
17206754
17209026
17210670
17237358
17241883
17259222
17270048
17283210
17283215
17299041
17299599
17306260
17351036
17351112
17360376
17369310
17381304
17381320
17383224
17383928
17415708
17417656
17430968
17452360
17462015
17462020
1748306
17503467
17509818
17521438
17538623
17543110
17543122
17568198
17569660
17573847
17590231
17601824
17604727
17616659
17621584
17623775
17630972
17635765
17659282
17704138
17704216
17704818
17721507
17727735
17901154
17903271
17911257
17921506
17922033
17933784
17941988
17964270
17965199
17971080
17974919
17981840
17989215
17989254
17989255
17989710
17991681
17994087
17998288
18005100
18032731
18039876
18045835
18073191
18087752
18160403
18160437
18186931
18213394
18215311
18230126
18248433
18256158
18267300
18267966
18285502
18299284
18299392
18305186
18312648
18314482
18334534
18339439
18339653
18346967
18347095
18351803
18353984
18363789
18363797
18369181
18373523
18374645
18390578
18390661
18392026
18399940
18402656
1840508
1840612
1840671
18430245
18443629
18463306
18463636
18469162
18474594
18477385
18500992
18501714
18511220
18516236
18538132
18542101
18548309
18566019
18583537
18600236
18619946
18635805
18651924
18687877
18713870
18714353
18725932
18753150
18760970
18765229
18806797
18822126
18824690
18830242
18832323
18842708
18845547
18845584
18849488
18849523
18945293
18948176
18954468
18974280
18977439
18986541
19029831
19030770
19041754
19060140
19064258
19091866
19103661
19106332
19106623
19119416
19144710
19144990
19170227
19196463
19196471
19217333
19220914
19246383
19267191
19307242
19328516
19357091
1935928
19395864
19397817
19403687
19406225
19407815
19411843
1944809
19448609
19460142
19491402
19508715
19531245
19555436
19555452
19577782
19584097
1960724
19617710
19620975
19633723
19667762
19671135
19680535
19682266
19699294
19737742
19738420
19755563
19758457
19765282
19767420
19767456
19776155
19784364
19786493
19796675
19815687
19838050
1985261
19875933
19889580
19895695
19903869
19917043
19939267
19942686
19956260
19961592
19965505
20032057
20037610
20048075
20062054
20062813
20065067
20070527
20075074
20075255
20080802
20097859
20129052
20156992
20158877
20164839
20167119
20180025
20199675
20200490
20200491
20214803
20215419
20218812
20219930
20220307
20224791
20229201
20230504
20230605
20300190
20332003
20360741
20370911
20377629
20386740
20393566
20398412
20403161
20407023
20407027
20407422
20413612
20421599
20433717
20444247
20459774
20459797
20460460
20460466
20477830
20483914
20489016
20498841
2050126
20532214
20541999
20651741
20659680
20668074
20673990
20679397
20679398
20699384
20705859
20733160
20807255
20817720
20920266
20935160
20937273
20944086
21029862
21060253
21085120
21118898
21129974
21151178
21177642
21177960
21187392
2125049
21276262
21307183
21317321
21338417
21346006
21375594
21423168
21460236
21558391
21573207
21627805
21654217
21665928
21672921
2173145
21752921
21775470
21936910
21941121
21947263
2197983
21994249
22080557
22101846
22128341
22194974
22300632
22427629
2339054
2388833
2402881
2405391
2421250
2430262
2430299
2440583
2452153
2452405
2458843
2466700
2477663
2478296
2482367
2498873
2532257
2583126
2584952
2658040
2684776
2732710
2825355
2850487
2905424
2973606
3003905
3031510
3035786
3049248
3107124
3116261
3184270
3290853
3327689
3368328
360214
3645545
3685996
3934645
6186194
6197183
6197184
6201722
6297772
6328450
6628363
7214524
7225127
7476162
7489501
7507233
7508908
7517053
7523833
7524025
7524073
7526120
7534408
7535193
7543895
7555067
7574489
7585244
7585955
7630735
7651828
7665490
7667877
7678563
7679954
7684465
7687350
7688127
7723043
7739888
7744794
7799942
7884866
7899087
7931178
7937126
7937132
7958872
7966321
7969422
7984237
7984408
7985025
8030201
8045882
8065311
8076609
8248142
8256282
8265353
8265354
8289279
8289336
8319909
8335006
8355685
8406502
8416368
8502558
8517032
8530520
8559254
8582290
8586453
8594606
8603691
8608444
8623558
8627772
8634916
8634917
8643505
8649416
8657112
8659529
8660429
8666266
8668536
8672458
8674114
8702566
8752084
8759314
8764399
8781224
8791582
8794309
8797828
8806733
8809020
8870269
8903340
8955900
8962077
8972772
8972778
8986610
8990402
9016512
9023104
9031624
9032337
9042942
9047361
9090058
9106664
9108162
9144174
9149533
9151848
9154813
9185586
9188560
9199304
9207012
9207037
9209069
9215675
9223489
9237911
9241253
9300054
9395242
9452384
9490779
9506521
95176559
9553157
9565606
9568965
9573378
9630250
9664033
9682491
9696848
9703018
9713990
9714254
97362239
9743628
9745033
9759486
9770508
9774350
9774635
9783582
981937
9819378
9847166
9847172
9847214
9848653
9848654
9857345
9862969
9891009
9891049
9917389
