10022819
10022821
10023666
10023947
10025877
10027390
10027401
10029456
10049058
10070310
10070316
10070859
10070865
10070891
10071127
10072161
10079245
10079377
10084308
10086344
10086736
10087941
10089975
10188904
10188905
10192426
10208439
10208465
10211947
10215192
10220498
10221335
10229204
10229776
10233379
10233780
10327057
10327069
10329012
10329596
10338002
10340391
10347549
10348818
10357405
10360673
10362788
10362809
10364037
10389750
10389976
10389978
10389980
10389982
10393358
10393843
10398435
10398436
10400184
10400423
10408409
10408414
10408854
10408907
10421261
10424779
10432931
10433931
10433945
10433955
10446461
10451696
10451707
10454237
10467410
10469011
10470842
10471040
10484017
10487827
10490821
10490837
10491015
10492040
10492244
10492641
10493837
10503872
10503881
10504528
10505029
10520030
10534174
10547570
10554798
10556013
10557071
10571506
10571517
10574242
10574255
10584868
10594843
10595907
10595915
10597262
10602515
10602519
10602520
10605700
10612810
10615230
10621852
10623683
10637069
10638959
10649241
10651751
10651986
10656695
10658907
10662591
10666371
10666372
10667421
10673750
10677298
10679920
10681434
10686936
10693987
10694947
10697269
10698499
10698519
10700864
10702393
10702394
10704678
10706069
10706759
10709095
10710048
10713707
10715991
10719371
10720156
10734314
10735503
10737508
10737795
10739698
10741284
10746673
10751354
10754205
10755401
10764154
10764158
10767714
10779630
10779647
10784582
10792276
10793068
10793075
10793088
10797268
10799746
10803523
10803532
10812170
10818590
10824925
10824928
10834386
10849331
10854222
10862049
10867643
10873622
10874314
10874665
10889924
10889927
10894600
10914559
10915003
10918191
10918569
10923915
10934142
10936679
10942797
10945494
10949938
10956407
10958872
10958949
10974408
10980114
10980116
10980135
10980610
10993646
10997733
11006040
11007037
11021747
11021813
11021816
11035845
11044641
11048797
11048799
11051374
11053650
11054685
11054718
11058874
11058905
11063792
11064357
11091200
11104031
11106555
11114733
11135437
11135438
11141476
11141506
11148558
11159175
11159196
11161376
11161377
11161379
11161385
11161397
11161860
11162437
11163104
11163116
11174629
11179836
11191353
11207050
11229518
11230707
11237496
11238048
11238055
11244503
11244507
11255261
11259087
11261815
11272901
11276007
11283541
11286481
11290569
11291079
11297763
11301351
11303791
11304690
11308256
11308259
11311485
11314002
11317955
11323219
11325447
11329137
11329146
11349153
11353048
11353055
11369059
11371136
11371647
11375957
11376803
11377687
11380399
11381370
11384100
11391801
11395371
11395387
11401316
11410326
11417998
11422798
11429702
11433398
11433527
11435176
11436166
11437403
11437404
11438465
11438467
11438483
11454429
11455002
11461083
11463457
11466624
11472567
11472568
11481457
11485898
11485924
11487539
11493336
11495043
11520139
11520156
11521235
11524144
11526487
11526491
11531258
11531932
11550286
11556833
11565033
11565034
11566348
11567233
11585417
11590071
11598162
11668501
11668620
11679946
11679947
11689295
11696422
11704835
11720441
11720475
11727259
11727262
11727270
11733352
11733360
11733961
11741745
11745495
11747475
11753639
11754110
11755465
11786393
11801303
11807778
11807803
11823972
11823984
11826189
11840282
11849740
11850075
11853795
11854066
11857392
11857408
11874489
11875738
11890993
11890997
11891193
11904335
11904337
11916518
11920642
11921277
11921280
11925138
11943335
11943705
11943721
11943732
11950921
11953860
11957146
11967908
11992403
12000708
12007509
12007715
12011252
12034531
12037676
12040455
12057910
12060387
12060388
12065770
12065783
12076276
12082617
12093899
12094379
12096341
12101426
12107107
12107841
12112524
12115316
12118546
12120000
12124804
12135058
12163385
12165445
12167102
12169678
12169680
12172044
12175546
12181274
12189555
12190185
12200684
12200707
12203220
12203362
12203783
12204532
12211048
12213194
12213728
12297840
12354125
12358243
12363464
12375265
12376211
12377409
12378519
12386821
12394763
12399960
12399961
12399980
12402157
12402302
12414510
12414520
12434154
12442000
12450792
12466115
12483005
12505262
12505264
12509970
12529654
12529667
12529668
12529696
12542597
12555067
12556968
12569357
12569386
12569572
12598313
12604374
12606131
12609565
12610504
12612889
12620411
12637159
12648581
12650516
12651205
12660034
12661006
12661011
12673679
12675764
12692194
12692841
12694651
12696065
12697903
12701114
12707374
12707379
12711114
12712441
12717436
12720172
12726864
12730870
12730871
12732498
12747884
12750701
12759240
12767512
12771989
12771990
12778069
12781449
12786894
12795343
12800196
12801532
12802288
12815487
12819038
12833148
12838317
12845670
12850374
12850375
12852866
12853836
12853838
12858175
12861058
12864795
12874780
12876210
12893203
12915129
12915879
12920223
12920229
12924439
12930316
12931219
12935923
12935924
12935933
12939746
12949711
12969789
12969793
12972634
1317572
1323601
1341261
1341278
1347094
1348931
1349102
1350005
1350261
1355210
1385636
1390233
1427748
1442931
14499690
14506739
14507635
14520438
14529657
14533940
14534542
14553945
14554237
14556920
14562119
14562278
14562286
14578169
14580680
14583777
14584071
14595746
14612909
14614047
14614053
14616999
14625809
14639609
14643521
14647445
14654050
14654075
14655763
14668801
14670539
14675778
14676802
14681318
14681681
14687797
14691917
14694524
14695343
14697642
14708620
14720503
14722917
14724583
14724591
14732923
14735203
14737077
14739043
14743508
14744540
14745729
14764066
1486847
14969745
14970870
14976538
14984964
14989495
14991902
14999283
1499939
15009715
15010069
15012776
15017592
15017656
15021901
15026806
15036894
15039212
15046639
15050734
15057748
15062876
15063132
15063137
15069681
15072829
15072830
15073597
15077168
15083190
15095270
15099349
15099937
15104286
15118616
15120929
15133491
15135005
15139001
15140228
15140238
15140553
15142116
15145515
15145527
15150562
15150569
15151624
15154005
15157044
15172121
15175083
15177666
15188137
15188147
15188455
15194222
15195109
15195111
15195137
15196854
1520342
15208688
15234579
15236194
15246568
1524724
15251969
15257314
15257548
15262426
15269295
15269296
15269297
15272920
15273715
15282682
15287030
15288479
15294323
15297972
15308259
15310147
15312679
15327527
15329413
15329908
15330802
15343344
15343512
15350299
15350633
15352981
15361840
15361843
15373778
15376261
15376262
15381060
15385114
15447767
15450401
15450725
15474158
15482489
15492756
15492989
15492995
15492998
15494708
15494720
15495191
15499621
15507235
15507672
15516980
15531428
15540161
15541358
15543237
15578519
15579438
15581971
15588860
15588866
15605984
15608678
15625552
15642401
15645492
15667533
15668893
15674414
1568247
15685537
15686466
15691789
15693850
15696125
15696205
15701569
15708062
15710230
15712185
15712344
15714593
15720420
15725473
15725481
15729702
15731348
15734482
15735765
15737846
15743324
15755284
15763659
15765445
15771905
15772698
15778432
15779233
15780185
15781101
15784156
15791567
15795882
15796961
15811621
15819981
15825690
15834506
15837541
15837627
15858149
15863200
15863268
15863375
15869706
15870831
15897885
15902284
1591047
15911107
15913747
15916804
15920544
15920555
15922892
15928660
15932632
15935100
15940269
15943787
15948115
15948220
15956964
15963235
15968271
15976757
15982331
15985168
15993272
15993274
15994075
15996732
16003751
16005868
16007203
16007576
16021566
16021577
16024113
16029448
16029927
16034466
16038735
16049311
16049512
16052218
16052518
16054688
16078640
16079892
16079893
16080955
16081157
16086408
16086416
16091753
16094622
16100468
16102578
16107887
16111540
16112193
16114033
16115143
16117801
16127162
16139561
16140420
16143123
16151468
16153468
16156870
16157200
16157203
16161041
16168105
16171945
16175573
16178904
16183105
16184177
16186508
16188233
16197451
16198442
16199108
16213360
16229746
16239910
16256179
16260276
16265655
16270038
16270039
16270043
16271343
16271749
1627381
16281072
16286044
16287497
16291174
16297706
16318864
16324836
16325696
16331247
16331280
16337856
16341038
16343267
16344060
16353168
16356174
16358218
16360423
16368411
16376301
16376942
16377488
16378715
16387360
16403224
16404419
16404744
16406868
16407837
16408096
16408098
16412137
16413100
16414544
16417231
16417232
16417920
16424865
16424867
16424869
16424876
16430486
16434186
16435379
16442619
16444749
16453003
16453004
16459017
16460801
16461462
16467864
16470173
16474838
16477636
1647768
16478646
1648218
16492805
16498399
16501605
16532037
16532038
16533526
16533529
16538614
16542442
16547469
16552419
16557238
16557239
16564920
16567021
16570275
16572201
16573741
16575872
16598303
16598306
16598312
16598313
16617322
16619048
16619251
16620973
16624482
16630339
16631465
16631466
16631468
16631474
16634907
16642044
16643447
16645202
16645205
16645206
16645213
16647948
16647949
16647953
16672372
16678898
16681596
16681692
16682293
16697535
16697720
16699497
16707008
16730884
16733209
16733218
16736500
16737888
16741525
16762626
16764926
16765476
16778799
16778826
16784981
16784984
16787500
16806438
16822308
16824748
16825501
16825505
16825508
16826224
16827805
16834459
16836749
16842246
16842259
16843106
16843107
16843266
16844528
16847456
16863509
16867867
16870303
16871275
16871278
16871279
16871281
16877349
16879389
16880785
16884691
16885334
16888614
16888631
16890317
16890646
16897741
16900208
16909113
16909133
16920565
16921488
16923108
16930335
16930767
16931592
16932337
16932338
16937145
16938571
16941478
16949921
16949922
16952311
16953212
16953233
16956568
16959434
16969349
16982329
16988931
16990762
16990784
16990788
16996204
17008888
17008892
17011185
17030374
17039230
17043636
17045648
17046168
17047648
17047654
17049587
17049664
17054470
17056110
17056111
17059429
17060940
17065421
17066440
17067398
17072825
17079011
17087942
17088941
17096014
17097223
17098662
17101323
17106442
17107350
17107393
17110350
17128418
17129383
17130827
17133269
17134824
17142003
17143260
17146433
17150109
17150185
17151698
17152049
17156891
17159915
17163846
1716952
17175375
17177598
17178501
17184525
17187432
17188428
17192868
17192902
17198871
17201907
17204324
17213018
17213024
17214850
17214858
17215851
17222329
17224267
17229322
17233841
17237811
17240304
17240321
17252020
17258789
17260012
17262083
17273161
17274819
17274947
17275707
17284372
17285122
17298867
17301808
17301836
17302867
17306368
17309796
17315018
17315023
17315191
17320938
17321325
17328719
17330105
17330262
17334332
17334348
17335935
17337084
17344912
17344916
17350138
17350822
17360030
17361221
17361227
17368623
17374440
17376508
17376509
17376510
17377585
17379069
17384213
17384221
17387741
17388661
17388789
17392824
17396144
17401398
17408401
17408908
17410190
17417968
17418409
17431412
17437012
17437281
17443220
17451799
17453004
17456604
17460705
17464312
17466371
17468034
17471559
17487277
17487844
17487851
17490483
17498302
17498554
17498562
17505512
17505532
17507990
17509661
17519959
17521451
17525745
17531467
17531558
17535228
17537621
17539962
17540308
17541398
17548126
17561305
17565683
17573918
17574970
17577920
17579624
17581610
17585316
17591931
17596643
17597182
17597822
17601631
17613428
17618013
17618705
17618868
17620387
17620607
17625603
17625610
17626639
17629419
17632455
17637754
17643100
17646408
17646409
17651783
17656252
17657213
17668422
17669465
17673550
17685931
17688946
17689819
17690209
17698191
17707060
17707884
17719087
17721920
17728780
1773797
17764814
17767136
17803960
17848307
17848912
17851549
17851561
17854667
17889960
17904685
17914411
17920754
17920755
17923875
17928886
1793483
17935781
17936561
17936563
17940504
17941904
17945377
17949783
17949785
17950780
17950782
17960171
17964965
17971772
17972951
17973572
17976519
17976525
17977597
17981210
17990317
17991527
17997830
18000506
18021415
18028988
18030353
18037961
18039564
18042065
18042066
18050304
18059337
18059483
18060073
18061305
18065961
18068539
18068628
18068703
18069662
18078991
18079740
18081718
18083107
18084252
18087280
18093943
18165275
18165278
18166262
18180033
18180098
18181164
18182111
18182175
18190445
18192072
18193083
18199160
18199332
18206535
18206539
18216871
18219279
18226854
18242762
18243306
18243402
18258923
18261621
18262558
18266209
18271876
18282277
18282654
18283321
18284546
18284934
18289366
18291525
18302229
18304690
18305067
18311776
18313840
18328559
18328792
18329792
18336541
18349123
18353179
18354492
18355852
18358501
18360353
18362173
18363883
18368129
18371219
18372039
18372914
18372921
18373709
18376386
18385750
18386774
18391980
18392055
18393366
18394555
18394702
18394748
18398841
18403605
18403609
18403613
18404201
18404742
18406659
18408659
18410451
18410456
18414414
18419788
18423824
18423895
18448146
18448166
18448188
18450321
18455791
18456326
18466967
18467159
18474293
18477048
18479730
18485478
18486530
18486988
18488000
18491352
18495026
18500259
18500266
18500270
18503825
18503828
18507860
18508109
18509466
18514389
18521081
18528423
18528899
18534315
18536654
18540944
18541010
18542074
18544172
18547614
18548106
18549475
18555525
18556765
18557746
18573109
18573526
18577988
18587327
18590527
18594527
18594528
18594536
18596743
18602667
18602673
18602919
18611285
18615675
18615679
18619647
18621416
18621636
18623221
18623623
18625569
18631381
18650848
18657298
18664261
18665177
18668134
18677770
18685610
18691320
18694509
18701132
18708242
18715618
18718023
18723266
18728674
18729193
18755494
18760472
18768215
18769486
18772890
18778891
18782444
18785203
18786436
18789554
18794177
18798258
18803287
18805579
18828159
18830255
18832461
18832571
18835712
18838204
18844223
18844936
18854826
18923525
18925961
1892776
18929564
18931652
18937974
18938072
18938137
18955790
18971950
18973917
18977345
18980800
18985043
18986703
18992635
18992959
18992960
19004005
19005480
19015641
19018266
19018267
19020546
19026650
19027487
19036083
19036597
19037978
19040996
19041192
19043591
19050706
19055826
19059670
19061838
19063875
19072991
19074595
19076977
19078957
19100513
19100523
19101490
19116630
19117057
19119132
19119459
19121840
19135051
19135713
1913619
19136943
19137020
19142971
19144441
19150107
19151660
19151790
19156774
19158829
19167611
19170230
19174819
19178533
19185949
19187542
19193436
19194467
19200579
19200582
19212337
1921453
19215798
19225113
19225718
19234609
19239437
19243895
19264228
19269006
19269016
19272638
19272767
19279572
19282104
19283847
19287463
19293793
19293803
19293811
19295549
19302842
19303097
19304323
19322206
19326424
19327639
19330028
19330029
19330068
19340001
19340305
19344419
19349352
19353773
19356788
19358278
19358724
19362041
19362042
19362466
19362747
19363522
19367287
19371962
19373855
19375163
19375815
19377443
19377444
19380023
19380639
19383316
19383335
19386350
19388938
19389506
19389530
19393416
19394761
19395028
19401683
19401695
19401700
19414191
19427035
19430562
19433805
19438459
19446748
19448595
19450969
19458628
19461960
1946433
19466975
19473701
19473722
19479711
19480937
19486858
19491896
19493635
19515263
19525338
19527492
19536147
19539846
19539850
19540590
19541349
19543508
19547661
19559071
19561568
19563658
19571821
19585585
19589593
19589612
19595684
19603018
19616600
19621447
19625083
19626635
19628078
19628422
19631984
19633643
19637313
19638206
19643476
19644024
19644652
19647299
19654573
19665070
19669220
19672856
19679059
19679400
19681119
19681124
19683621
19686742
19691769
19694823
19707201
19710701
19718013
19718025
19718445
19734849
19734947
19735264
19737655
19740513
19744708
19748671
19755989
19756373
19760609
19765726
19772601
19781443
19788444
19794270
19796813
19797612
19799798
19802003
19802009
19806185
19809427
19811824
19812598
19815050
19819015
19824900
19827123
19829307
19830214
19832985
19837269
19837271
19838194
1983826
19841262
19844234
19847200
19853286
19854508
19855373
19855393
19861964
19865112
19874312
19879255
19881977
19883434
19896093
19898424
19898427
19907440
19913280
19913282
19913317
19922437
19933033
19943934
19946506
19955118
19955487
19956657
19958951
19959798
19962665
1996309
19963109
19963121
19963122
19967722
20003259
20003390
20004940
20004952
20007775
20007840
20007841
20016488
20018398
20018760
20022634
20027224
20036793
20045164
20049979
20051945
20054297
20061010
20062086
20077503
20081860
20082862
20088873
20093389
20096441
20098682
20098707
20099280
20101210
20102718
20102720
20106510
20113830
20117855
20118908
20118910
20118913
20122944
20126411
20127344
20130810
20137853
20142433
20147967
20148885
20151976
20153505
20164853
20171178
20177422
20187926
20189318
20193846
20196079
20197769
20203003
2021541
20220775
20228800
20233623
20233627
20234366
20236686
20303012
20303538
20307913
20331454
20331577
20331734
20331763
20331976
20334914
20339585
20346714
20346742
20347502
20347819
20361930
20362232
20362361
20372153
20376086
20381446
20385028
20387067
20393147
20393555
20398348
20398393
20400977
20406486
20407443
20407446
20410924
20410925
20413299
20416107
20416519
20417091
20417861
20417871
20417872
20425802
20428197
20431031
20431032
20435347
20438801
20444249
20445578
20447687
20447711
20456351
20459770
20459863
20470368
20470941
20471335
20471511
20471663
20473912
20479250
20483636
20485284
20485371
20489150
20492682
20493625
20495538
2049776
20498858
20500513
20503341
20508609
20508616
20513120
20513536
20520630
20520634
20520643
2052583
20526288
20527023
20529262
20533286
20542658
20542753
20544848
20553613
20553795
20557351
20562921
20565817
20571495
20579378
20581806
20591913
20594292
20594581
20594584
20598147
20603105
20604919
20607853
20616361
20616362
20616363
20616366
20619739
20624308
20624322
20627194
20629095
20630094
20630698
20631743
20633767
20633768
20637128
20646738
20655395
20655465
20656333
20658615
20659620
20659694
20667415
20674974
20678218
20682398
20683448
20685234
20692828
20693983
20693985
20696052
20696054
20701800
20703476
20705455
20716222
20720566
20724988
20728437
20730857
20732413
20737480
20802181
20804925
20813562
20813970
20823234
20824716
20824721
20840671
20847279
20848649
20860655
20861910
20863376
20865267
20872044
20875128
20875872
20877721
20878952
20890271
20923573
20925915
20927778
20938465
20942962
20944672
20946881
20949558
20952593
20955384
20955399
20956938
20956940
20959826
20962861
20962862
20972464
20976730
20979630
20979647
21034957
21045234
21048955
21051030
21057493
21064103
21070477
21072204
21073496
21074686
21076461
21076462
21079611
21087480
21103049
21108436
21110880
21113138
21113140
21120161
21120162
21120166
21120312
21122130
21128251
21134544
21134562
21135859
21150899
21151896
21156248
21156281
21167064
21175807
21179278
21188113
21190184
21206494
21206909
21209843
21224857
21226763
21233829
21244575
21245599
21248752
21253578
21253829
21254299
21258414
21264207
21266046
21274003
21274259
21282377
21283084
21283802
21285991
21299849
21303542
21307934
21323741
21336262
21346910
21347194
21347319
21351276
21358618
21362052
21364579
21372829
21380628
21381030
21387306
21390126
21415852
21423153
21423156
2142531
21437454
21439039
21445971
21447618
21457545
21461300
21473780
21478825
21493686
21499238
21505581
21516079
21518014
21520003
21520036
21521301
21532627
21533174
21536738
21547907
21563233
21569611
21573178
21575212
21575252
21575258
21598249
21602815
21602918
21618411
21623383
21625234
21625441
21625996
21626008
2163761
21639936
21647154
21658659
21660972
21663639
21674576
21676217
2168563
21686179
21689158
21691276
21694724
21696415
21698292
21707716
21712828
21717456
21720365
21725289
21730982
21735444
21740479
21747880
21760593
21760996
21789382
2179035
21796119
21803329
21804550
21811258
21816375
21818111
21822268
21826666
21827707
21829728
21830212
21835435
2183872
21838856
21853109
21858063
21860418
21862261
21874000
21874003
21882256
21886174
2188722
21892159
21892209
21901162
21901793
21904384
21909080
21912393
21913188
21929658
21932420
21946352
2194896
21949883
21953887
21955922
21982959
21986839
22000696
22001634
22009941
22015770
22017246
22020193
22026926
22033490
22034109
22038905
22046342
22057234
22057236
22064353
22064355
22064833
22065749
22066015
22071132
22071137
22080063
22081489
22081665
22084697
22085494
22086512
22086610
22087096
22088920
22091430
22101766
22103913
22108465
22108604
22110419
22111084
22114577
22115706
22116551
22129856
22132735
22133747
22136423
22137423
22138691
22140546
22142557
22152101
22154054
22157931
22158538
22158541
22158988
22163003
22164339
22169481
2217208
22173243
22177454
22182697
22182918
22183880
22188534
22190283
22191026
22192147
22192807
22194861
22197614
22197676
22197931
22203052
22209037
22213219
22220151
22220250
22223660
22225786
22230299
22233760
22235851
22237022
22237025
22237151
22250051
22251709
22252115
22258409
22261339
22266912
22270724
22281088
22281806
22285507
22287596
22289988
22291938
22292935
22294382
22295085
22305464
22305465
22313357
22323876
22325357
22327622
22327623
22327624
22330809
22331798
22333554
22335887
22346343
22347464
22354205
22355676
22360629
22363436
22363598
22382018
22382892
22383975
22385606
22386733
22388726
22390313
22397365
22398042
22420423
22420950
22421249
22429330
22437966
2245167
22454081
22454399
22457234
22461140
22461374
22470196
22475322
22483783
22487432
22487539
22489043
22493262
22507644
22515704
22520341
22528563
22534670
22537608
22560922
22561517
22561520
22569040
22571758
22578778
22579408
22579930
22587422
22591685
22605559
22607702
22609107
22609129
22622260
22622578
22634756
22642896
22658276
22658382
22676581
22686875
22688054
22694907
22695392
22705003
22705117
22722829
22722839
22726919
22736493
22741528
22749038
22749068
22751098
22758774
22805266
22807394
22809298
22810696
22812671
22820256
22825469
22833462
22835516
22840369
22873290
22901298
22902051
22928481
22931052
2337900
2406720
2679847
2681517
3038106
7497438
7497445
7500652
7522496
7524604
7547235
7547249
7551935
7564469
7577470
7577621
7598693
7599041
7599072
7609148
7621416
7640217
7658697
7669582
7674088
7691145
7698570
7704024
7710951
7715016
7729734
7743473
7803279
7841032
7841033
7850751
7862112
7889533
7905277
7909871
7917542
7917901
7918071
7923098
7926462
7934145
7946597
7946598
7947096
7947263
7952399
7954356
7972006
7981076
7985080
8018414
8019557
8030271
8033152
8039163
8039618
8050085
8060323
8076344
8080737
8081702
8093026
8102535
8102685
8106812
8127895
8142262
8143614
8151121
8162073
8170946
8175026
8180579
8180965
8194046
8194706
8198970
8198984
8211691
8217795
8240361
8286219
8290606
8353052
8372881
8381368
8384745
8387955
8390289
8390962
8394730
8395458
8405868
8428691
8431911
8462792
8513440
8522307
8522311
8536860
8536861
8551805
8554149
8555065
8555071
8561864
8562340
8603340
8605035
8608574
8611425
8613012
8616035
8616804
8617483
8617485
8621247
8621248
8622495
8625264
8625287
8635153
8635161
8637704
8640736
8642260
8645583
8652274
8655958
8664051
8665486
8666369
8677081
8679444
8688317
8690195
8690228
8690291
8690521
8701948
8703847
8746272
8758206
8760583
8761369
8774479
8794405
8797864
8812423
8816895
8822272
8826860
8826861
8826890
8831691
8855976
8855982
8857639
8883402
8887073
8889501
8898652
8910623
8912818
8912828
8931956
8932338
8943054
8956789
8985087
8986805
8993979
8995554
9000591
9001550
9009246
9013836
9014854
9018074
9018336
9020916
9024310
9029028
9036865
9038270
9043035
9052405
9059819
9071576
9097977
9097993
9099970
9104953
9108089
9111168
9112579
9113074
9115582
9115587
9120719
9121764
9122044
9125147
9135495
9139866
9139869
9140452
9143934
9149125
9159347
9159349
9162193
9166952
9177704
9191060
9194486
9207270
9212217
9218731
9224711
9231912
9233770
9234384
9234707
9242212
9247481
9264581
9269965
9274957
9285566
9288052
9288142
9291819
9294210
9299424
9306965
9309118
9309120
9311732
9324130
9328563
9333020
9349503
9349508
9374374
9374384
9376195
9379676
9389561
9413950
9416838
9419979
9422511
9434876
9445137
9452023
9453486
9459139
9459157
9460999
9464511
9466649
9467947
9470817
9484777
9484839
9484844
9489481
9490279
9514049
9514055
9523205
9524567
9525740
9528840
9543674
9546059
9546285
9546427
9560119
9560261
9563649
9566701
9568504
9579564
9579565
9585064
9587933
9593469
9598796
9598803
9607189
9607728
9619835
9621513
9635683
9635831
9639416
9648588
9649138
9649454
9652567
9662254
9665476
9670827
9671321
9671767
9674408
9680114
9681833
9683299
9685222
9685601
9692551
9696038
9696041
9697882
9697884
9698466
9698478
9699537
9703286
9704765
9708796
9713312
9714703
9716009
9726011
9737679
9740255
9744495
9768597
9772904
9777938
9777951
9778456
9779494
9783802
9788440
9788444
9792155
9793966
9794233
9796697
9797363
9797369
9804334
9811333
9811336
9823969
9824096
9824204
9827921
9833761
9834286
9846966
9846971
9851250
9851256
9853427
9856796
9856847
9858225
9861322
9869603
9887237
9889022
9889797
9892110
9893670
9894245
9916918
9916927
9923922
9988270
9989830
9990072
