10339553
10451913
10485880
10743940
10886365
10963808
10989176
11128644
11132628
11178986
11557339
11557341
11557342
11557343
11785949
12054450
12219078
12667800
12668310
12692304
12874383
12890540
12927206
1379730
14610191
14690600
14706642
14770435
14980623
15044012
15225715
15336537
15664512
15680150
15681618
15716492
15745995
15749125
15769183
15866068
15889141
15910755
15913532
15914669
16002787
16083878
16246910
16289104
16397296
16476969
16540230
16547136
16707660
16798040
16855281
16893958
16930539
16940097
17024188
17038331
17038335
17055241
17318228
17332014
17475212
17493617
17493639
17533112
17588619
17619022
17697378
17869523
17904852
17905582
17931589
17988875
18082262
18187506
18252191
18279908
18294846
18403417
18433888
18617415
18835173
18948292
19061867
19061868
19103663
19151784
19158349
19179075
19246008
19304999
19325843
19374883
19389630
19406842
19422452
19450981
19468044
19498077
19520059
19604698
19740763
19946274
19955232
19956692
19997645
20007154
20061133
20071745
20093103
20153201
20300533
20348540
20452328
20456958
20615431
20693539
20705898
20713120
20971648
21072169
21281402
21559530
21614178
21915281
22369896
22704839
22793869
8610114
8683119
8951376
9035109
9222504
9222505
9238009
9356339
9368651
9383431
9383475
9605115
9751715
9826651
9831529
9873529
9883908
9889155
