10025907
10030577
10049055
10049061
10070316
10072161
10083732
10188872
10208465
10329012
10329012
10337992
10337992
10337992
10337992
10339585
10339585
10347549
10348348
10391679
10393173
10393185
10431169
10432929
10459357
10469447
10469447
10469447
10469447
10469447
10484977
10488742
10500199
10500199
10500199
10518215
10526530
10534762
10534762
10544023
10549264
10550304
10551495
10554802
10557049
10557067
10565298
10576511
10583273
10597234
10602411
10602411
10602411
10602411
10602411
10602411
10602411
10602411
10602519
10602519
10602519
10602519
10602519
10616282
10618414
10629043
10637493
10638960
10640143
10648600
10667479
10673753
10675041
10681437
10681437
10685632
10700861
10700864
10706619
10706619
10719372
10731584
10748298
10766345
10825742
10828883
10829078
10829078
10829078
10829078
10838070
10849331
10866659
10867145
10867154
10905245
10908574
10908648
10908648
10913680
10914546
10975680
10980604
10994999
11063792
11063792
11063792
11063797
11064357
11064357
11064357
11064357
11072027
11106761
11106761
11106814
11106826
11118299
11120332
11120332
11167743
11172538
11172955
11237066
11237525
11241795
11241795
11244503
11244503
11244503
11244503
11259090
11263942
11265751
11265752
11274403
11283671
11358384
11358384
11358384
11358384
11358387
11368913
11369063
11371647
11371647
11395386
11395386
11395396
11395396
11409908
11422798
11422798
11429702
11431691
11431691
11433527
11433527
11438682
11438682
11455977
11463839
11480574
11532349
11536051
11536051
11536051
11536051
11536051
11550287
11556833
11556833
11556833
11574931
11579461
11579461
11579461
11579461
11579461
11587072
11587072
11607814
11607816
11640869
11672777
11675129
11679947
11681427
11684281
11684288
11700047
11704848
11704850
11717438
11734316
11746984
11753612
11753612
11753612
11753612
11783955
11793448
11801308
11801311
11821949
11821949
11821949
11821949
11823984
11823984
11841409
11890993
11890997
11896599
11930009
11930009
11943732
11960347
11987921
12037676
12037676
12037676
12037676
12037676
12040450
12049818
12060771
12065783
12080386
12080386
12080468
12114534
12118377
12118377
12118377
12118377
12127395
12133991
12165445
12168660
12169678
12173041
12173050
12173050
12196931
12200711
12210087
12213716
12237889
12242306
12353270
12367585
12381450
12381450
12411590
12450787
12461755
12461755
12461755
12461755
12461755
12461755
12461755
12483538
12505251
12505266
12527918
12527918
12527918
12527918
12527918
12527918
12527918
12527918
12550764
12618768
12618768
12618768
12618768
12644020
12645654
12646948
12661001
12661008
12661008
12661008
12661008
12681356
12700605
12700605
12719541
12719541
12764377
12823589
12850374
12850377
12859999
12865925
12865925
12874791
12885467
12886255
12935966
12939738
12939738
12939738
12939738
12944485
12944485
1308167
1325704
1402666
1419624
1423235
14508522
14563122
14612419
14630078
14633590
14633610
14635208
14681324
14691916
14697639
14697639
14724653
14725895
14734089
14757533
14966468
15014529
15034867
15034873
15034873
15036944
15065091
15077183
15086412
15098257
15120912
15124139
15140553
15155899
15156184
15175999
15183454
15184887
15188147
15188147
15188455
15188459
15188461
15193447
15212958
15238980
15240740
15257548
15257548
15262435
15262442
15269296
15269306
15271392
15273724
15282325
15284855
15286712
15287031
15297972
15326299
15326310
15326310
15330802
15334549
15350633
15350633
15350633
15356652
15356660
15361874
15361874
15361874
15361874
15381372
15389255
15448205
15448205
15471554
15475075
15556282
15572690
15588951
15680399
15715967
15715967
15715967
15721630
15723339
15725483
15729702
15748890
15771903
15826835
15852472
15860361
15863202
15877731
15894263
15897884
15897884
15897884
15897884
15899384
15899391
15902299
15914281
15925480
15927680
15974803
15978941
15982633
16007226
16015645
16023722
16049306
16049513
16056248
16091753
16111539
16112421
16112651
16112651
16151462
16151462
16151462
16157196
16157200
16161041
16169901
16169901
16193088
16209886
16209886
16213369
16213703
16213703
16213703
16224485
16226798
16247445
16271958
16298512
16303180
1630450
1630450
16341034
16341034
16343267
16375854
16394125
16406018
16409301
16414544
16433901
16434313
16435379
16490599
1649386
16504290
16572206
16630339
16630339
16630339
16630339
16630339
16630339
16631477
16647957
16651630
16652140
16680749
16682077
16682291
16682293
16688745
16730884
16736500
16766266
16772122
16772124
16781490
16803958
16826222
16843101
16843108
16875930
16884691
16884691
16892037
16900211
16904383
16914730
16930335
16939812
16956568
16984370
16984370
16984370
17007927
17008891
17027752
17052753
17074587
17086210
17097083
17097083
17110082
17116485
17116485
17116492
17188428
17188428
17213026
17215855
17218393
17250957
17284365
17284365
17284374
17292736
17320171
17334346
17349636
17367753
17369854
17377585
17418406
17452251
17456159
17525748
17539914
17541401
17551948
17560011
17561254
17566666
17570523
17574967
17574968
1760839
1760839
17620317
17656257
17657222
17683977
17696194
17764812
17889709
17889709
17898786
17898786
17934489
17938925
17964965
17967869
17971772
17980910
17989718
18000064
18037406
18050304
18050304
18060736
18068538
18083107
18083107
18083107
18083107
18083107
18083107
18094714
18155764
18156164
18181164
18181181
18190961
18206229
18206539
18206543
18242762
18262055
18262374
18264136
18267106
18295659
18328953
18330902
18358509
18406879
18414414
18417213
18418407
18429957
18457914
18467025
18469864
18485618
18500259
1850265
18503828
18509351
18509536
18523561
18543309
18555525
18558288
18596980
18635414
18640063
18642280
18694509
18722875
18722880
18754862
18754862
18754862
18774495
18794177
18798265
18799215
18923437
18940475
18957548
18957548
18957548
18957548
18987651
18992642
1899288
19011601
19012874
19016705
19032370
19041605
19067742
19100512
19129484
19136943
19136943
19136943
19136943
19136943
19136943
19136943
19136943
19136943
19136943
19136943
19136943
19144156
19147828
19150107
19157547
19170230
19212337
19215790
19235922
19235922
19363522
19380023
19380029
1949153
1967983
1967983
1967983
1967983
2370860
2370860
3349440
3349440
6345338
6584200
6584200
6584200
6584200
6586073
6586073
7487974
7500643
7524618
7544579
7577615
7590697
7596151
7600533
7638205
7656205
7656205
7665185
7665185
7665185
7665185
7665185
7736573
7736573
7759992
7761424
7761424
7790991
7889521
7892256
7910944
7991593
7991593
7996873
8058726
8076344
8093327
8104101
8168137
8168137
8168137
8168137
8171026
8171026
8171026
8171026
8171026
8171026
8207957
8246959
8293467
8307570
8394219
8402546
8536228
8543178
8563754
8563754
8575770
8640718
8643484
8661158
8681380
8697426
8703836
8732340
8734143
8757523
8782817
8782817
8790412
8889501
8917562
8921363
8982044
9029185
9071576
9121481
9121764
9121764
9121764
9121764
9121764
9122233
9122235
9147076
9150886
9156244
9223312
9223312
9238046
9238046
9242212
9274957
9290955
9294613
9315104
9315104
9315104
9365243
9376661
9398863
9401072
9401077
9403001
9479491
9479491
9479491
9479491
9488465
9494609
9494617
9530334
9535176
9539781
9561912
9576949
9576949
9598309
9598309
9598309
9598309
9598796
9600980
9600980
9600980
9600980
9636146
9648560
9653171
9665193
9671416
9671416
9704926
9734655
9739021
9740667
9740667
9740667
9740667
9740667
9740667
9766500
9797782
9798675
9809034
9822928
9844920
9846971
9882513
