10233211
10393963
10411572
10481059
10544257
10611371
10716719
10889552
10901705
10999944
11160862
11311507
11394901
11408373
11545752
11602521
11699055
11751037
11779172
11809184
11823761
11888582
11913730
11937185
11990381
12065748
12082591
12137804
12175731
12181437
12189368
12374640
12429347
12496751
12576843
12668988
12810179
12825092
12837457
12844134
12844137
12920202
12966368
14520706
14534524
14553962
14586389
14597963
14643574
14647407
14647408
14660992
15007373
15044558
15093672
15121491
15126005
15150618
15183620
15194512
15213713
15229462
15453913
15492764
15500895
15505641
15521904
15522280
15525999
15572581
15604153
15634941
15694263
15722458
15735607
15757620
15761113
15883587
15900015
15914676
15940289
15961980
15980104
15987423
15992732
15993850
15993855
16103896
16130010
16153401
16181985
16182121
16257277
16314886
16315267
16331627
16378601
16385453
16386926
16401468
16402128
16405973
16415921
16417409
16432637
16475872
16490169
16542858
16580898
16581111
16642436
16678543
16678544
16724011
16784736
16815679
16819548
16844790
16875718
16876132
16920564
16950614
16956694
16961627
16998491
16999998
17015050
17047654
17049586
17064846
17106442
17112805
17125969
17156920
17178266
17180579
17186005
17189961
17192902
17196743
17224914
17224915
17235330
17244352
17258395
17267622
17325736
17329985
17329997
17337040
17355169
17361120
17375033
17376224
17387341
17394430
17400324
17410198
17460754
17467803
17512587
17521963
17522595
17555717
17588543
17597605
17597712
17609683
17611010
17681167
17700593
17713466
1774074
17767146
17803810
17898703
17913323
17925385
17950035
17976958
17980418
18021981
18070221
18086475
18093943
18156033
18162312
18180754
18191112
18195729
18215618
18222353
18222355
18234403
18261733
18267032
18292785
18305455
18305461
18325643
18346175
18347610
18347611
18360915
18368069
18385676
18387740
18455228
18485328
18504423
18509327
18511948
18521091
18539200
18539621
18544707
18593715
18615004
18618000
18637831
18685564
18687376
18693052
18851956
18854828
18926547
18992959
19005482
19016697
19016765
19022938
19037197
19076156
19104657
19112496
19129747
19159907
19185566
19201048
19203783
19204081
19204908
19210659
19233181
19238649
19268276
19272758
19274060
19285054
19290018
19300499
19362955
19365401
19374892
19376514
19381165
19384296
19428704
19434072
19434073
19458626
19467705
19473722
19474787
19483685
19506579
19564049
19581389
19589612
19605407
19625999
19636336
19636338
19650939
19684603
19690618
19696793
19704415
19733552
19752882
19752884
19752885
19756153
19770842
19785625
19786980
19794411
19794412
19800133
19833260
19855097
19865079
19890249
19898482
19916996
19924111
19932356
19997080
20007405
20022809
20029384
20054294
20066004
20072124
20078613
20089352
20116071
20125119
20125120
20129249
20130569
20138334
20157331
20179710
20182420
20194698
20195290
20212519
20223877
20304699
20309015
20347093
20362271
20368718
20417680
20450993
20459744
20471098
20514079
20520804
20538124
20592726
20619611
20638924
20641098
20670920
20673984
20680028
20680652
20714340
20723261
20801494
20801498
20809970
20826260
20831907
20838391
20838448
20840187
20855458
20877297
20877301
20881950
20886236
20921970
20938465
21048934
21094359
21107318
21114608
21150907
21151198
21151627
21173786
21178985
21186350
21243006
21254158
21266946
21270790
21274861
21281405
21289623
21321200
21325430
21326246
21348951
21358750
21358751
21368754
21383772
21388237
21410976
21418140
21430647
21441248
21451505
21490707
21502966
21519338
21562485
21593735
21593757
21606946
21606948
21625252
21647174
21659470
21689142
21691274
21739446
21747410
21747589
21769110
21808285
21814190
21819538
21826087
21862974
21883387
21900886
21912425
21915484
21918510
21931346
21956618
21958076
21975350
21977987
21985811
21995462
22006095
22012471
22016628
22022402
22045187
22064666
22117530
22151084
22158330
22158331
22158333
22162992
22179955
22186618
22212731
22231565
22249355
22285168
22310351
22310352
22335459
22341855
22373943
22378156
22385882
22405131
22440088
22450926
22484315
22486600
22491017
22516052
22534499
22541248
22547144
22584459
22584460
22587422
22588607
22617224
22626609
22641026
22641027
22641028
22664477
22664479
22664480
22682551
22725681
22726630
22831980
22954510
7862671
8659683
9149697
9177237
9409631
9738510
9797795
9827545
9831928
9858029
