10096066
10101114
10198247
10207149
10226011
10336692
10354482
10357933
10375498
10381570
10409512
10433830
10452845
10452950
10525348
10529430
10545248
10588882
10644409
10648246
10660305
10704844
10704848
10753518
10778857
10790331
10862738
10862753
10882130
10885752
10926776
10934014
11014815
11020715
11023865
11033359
11051548
11051549
11051550
11071761
11076769
11080162
11118881
11136980
11222137
11231067
11262224
11290304
11336670
11493575
11516643
11518505
11520662
11526088
11583936
11729153
11731230
11744367
11783990
11807027
11830564
11850176
11850184
11937027
11973310
12045184
12070087
12086463
12086602
12107285
12110293
12128207
12175492
12175493
12202035
12408801
12421707
12464180
12464428
12466192
12482712
12490953
12537575
12546820
12571107
12581523
12662925
12679032
12705870
12711543
12758126
12909726
12967559
12967563
1358457
1361457
1362651
1363088
1363225
1363542
1423619
1426635
1448095
14512024
14523229
14568101
14597205
14701680
14731391
14738884
15013812
15128656
15128669
15202999
15207730
1533042
15340490
15341741
15345045
15371353
1547493
15511639
15525530
15668164
15728670
15737936
15750188
15753212
15753213
1576969
15777699
15795372
15817225
15882587
15893980
15901661
15901665
15930118
15939231
15975935
15975941
16120280
16155187
16207753
16249329
16259974
16272418
16275038
16277982
16314318
16325168
16339902
16343659
16403493
1640455
16455308
1648449
16503100
16595131
16672345
16713132
16730345
16733548
16740481
16814723
16815386
1687458
1687459
16914497
16962096
16973896
17011166
17084833
17092951
17094800
17098220
17105353
17108002
17113384
17126316
17174297
17179088
17194628
17207870
17224261
17296729
17329358
17329368
17360774
17418114
17433632
17456006
17462750
17498683
17511863
17555964
17610966
17640629
1765265
1768620
17765686
17855427
17869239
17884338
17888422
17936744
18003742
18068697
18083159
18086699
18194655
18214532
1821846
18234213
18321764
18394895
18395996
18472003
18506030
18585374
18606221
18621688
18653560
18656533
18694568
18724934
18760387
18773886
18931655
18978017
18986212
1898764
18992257
1903838
19056518
19062282
1908769
19100727
19150446
19168633
19217429
19232522
19268449
19282966
19340940
19389369
19500564
19641625
19652700
19718746
19742310
19799999
19893611
20026207
20056681
20171201
20230745
20347970
20403347
20435028
20457811
20478292
20512118
20520827
20551440
20580700
20617173
20621708
20637846
20668662
20727877
20736287
20797865
20808951
20876645
2100260
2105454
21148185
21399984
21541324
21644243
21715425
21720363
21809435
21825127
21865322
22028675
22033538
2208281
22101416
22114190
22115527
22174086
22267917
22304916
22318630
22378636
22412381
22425977
22438572
22513375
22537495
22537497
22541432
22691242
22814213
2328832
2370868
2423251
2478402
2509261
2511050
2567637
2569362
2720776
2897241
2897243
2904838
3046753
3080247
3117373
3131017
3159479
3935327
4028160
6537904
6722872
7505569
7516894
7547478
7555708
7555732
7600959
7600980
7600986
7600992
7607084
7635058
7664336
7671793
7711745
7713429
7713432
7748791
7781065
7783195
7789769
7821224
7821226
7848871
7873402
7906203
7915131
7915199
8068548
8082742
8100764
8104141
8119127
8125300
8164672
8167377
8186146
8187633
8199047
8200478
8207445
8218421
8293980
8330529
8344257
8355700
8404526
8405675
8408299
8443106
8453668
8462751
8474442
8494768
8524261
8562425
8565819
8582269
8582298
8582299
8601485
8608596
8620542
8620846
8626035
8657157
8660878
8674417
8787744
8798148
8887679
8951796
8954742
9001253
9012536
9034334
9043065
9053307
9106163
9155029
9165123
9199302
9223257
9232593
9334278
9362473
9374395
9376314
9409684
9431808
9431812
9431813
9466931
9502727
9507113
9622621
9651493
9676198
9716538
9753673
9819433
9847251
9858703
9858707
9882489
9892673
