15761122
16252231
17052657
17223258
17357082
17362836
17401363
17401366
17407593
17434096
17435756
17447842
17460697
17486107
17505501
17522711
17553421
17554261
17603485
17632509
17637780
17658951
17668382
17684544
17767157
17767159
17827064
17903292
17903293
17903294
17903295
17903296
17903297
17903298
17903299
17903300
17903301
17903302
17903303
17903304
17903305
17903306
17903307
17903308
17952075
17982456
17997608
17999355
18067574
18159244
18179892
18193044
18193045
18193046
18227835
18245381
18252221
18262040
18264097
18264098
18282107
18313986
18317468
18326623
18327256
18327257
18332876
18360741
18369459
18372901
18372903
18385676
18391950
18391952
18439548
18439552
18455228
18464913
18471798
18483556
18488026
18521090
18521091
18576341
18601904
18604267
18685109
18711365
18711367
18723019
18760390
18776929
18794853
18794855
18820697
18823527
18834626
18836448
18840781
18846228
18849991
18849993
18849994
18940312
18941528
18957941
18976728
18978787
18978790
18978792
18987618
18991354
19043545
19056611
19060907
19065144
19079261
19079262
19081515
19084217
19096518
19107115
19110211
19114657
19114987
19116933
19118814
19122664
19125160
19132087
19136949
19148276
19151714
19165232
19165924
19169254
19169255
19181680
19182806
19185284
19187332
19188921
19196962
19197348
19197363
19198609
19198611
19198612
19198613
19219042
19230858
19242412
19247474
19249006
19252134
19268274
19268276
19270707
19282985
19300482
19300499
19300500
19303062
19304780
19305408
19305409
19340012
19343178
19359265
19389651
19396169
19401414
19403135
19412175
19412176
19416921
19421330
19426955
19430479
19430480
19430482
19430483
19442274
19448621
19454037
19465909
19483681
19483682
19483685
19497516
19503088
19503597
19508968
19525955
19557161
19557197
19561606
19570815
19571809
19578365
19578366
19584900
19587794
19597492
19609347
19620980
19625618
19648919
19648920
19651812
19656524
19664746
19668339
19684603
19684604
19698717
19714205
19714249
19721433
19734900
19734901
19734902
19740415
19749758
19772629
19779542
19786962
19798445
19801982
19812673
19820697
19820699
19836008
19846067
19850125
19853236
19862010
19874204
19875103
19875614
19893584
19896111
19910028
19915573
19915574
19915575
19915576
19929986
19944697
19961619
19966805
20010834
20011104
20012890
20018283
20023658
20038947
20038948
20039944
20041166
20045101
20060832
20062060
20062061
20062062
20062063
20062064
20066004
20066028
20068591
20072603
20081856
20081858
20096396
20100581
20101243
20112360
20125193
20154673
20159113
20159242
20169177
20171287
20173747
20173748
20174558
20175129
20185149
20189245
20190752
20195266
20195514
20200953
20201924
20202923
20215924
20222955
20228799
20303062
20303064
20304703
20305777
20306291
20339536
20348956
20351715
20360844
20363506
20364137
20370913
20372150
20383145
20383146
20383147
20385819
20385826
20386566
20395239
20418485
20418888
20418889
20421487
20421499
20421936
20436469
20436471
20442857
20451256
20453838
20463881
20484958
20485516
20487506
20512145
20522523
20526338
20526339
20541252
20543847
20548944
20548946
20581827
20585324
20585626
20585627
20598377
20600896
20602913
20613766
20622878
20634892
20637204
20639878
20639881
20657596
20659327
20661308
20663923
20664687
20668430
20673876
20675712
20686565
20686608
20686651
20691247
20694011
20694013
20694014
20694148
20698975
20700438
20700443
20708005
20711174
20711177
20729852
20729853
20732626
20732627
20800221
20801717
20801718
20802479
20808326
20818381
20826269
20834067
20835236
20838585
20844546
20852631
20852632
20852633
20858683
20861866
20862305
20871597
20871662
20877300
20885792
20887962
20920776
20921969
20927387
20932310
20932654
20935630
20947153
20953186
20953188
20953189
20953190
20971583
20972438
20972440
21042317
21044948
21051773
21060860
21060863
21061259
21062454
21072201
21076409
21079607
21082022
21087763
21102463
21116278
21124946
21124955
21131975
21150874
21150878
21151127
21151128
21151130
21155030
21172079
21177295
21186350
21197116
21203500
21221126
21223598
21228123
21242260
21244703
21248740
21273288
21278746
21283782
21294900
21297633
21298027
21298047
21314694
21326295
21326860
21339755
21347282
21347284
21348951
21359210
21364930
21378095
21378987
21378990
21379329
21383967
21386085
21390209
21399633
21399635
21408207
21423239
21423719
21424380
21437268
21448238
21460840
21460841
21460842
21471458
21471979
21483430
21490707
21490949
21499250
21502949
21502966
21532571
21533022
21533024
21533074
21533175
21552555
21572414
21573004
21573128
21602797
21602798
21611967
21625490
21627779
21654844
21658281
21665990
21666691
21674006
21685912
21694764
21698141
21700879
21706003
21708048
21729881
21738478
21738479
21738484
21738487
21738491
21743467
21743469
21750679
21750702
21755009
21771975
21777205
21779176
21779181
21779381
21795503
21799836
21801394
21804547
21804548
21804549
21810271
21811574
21812969
21814517
21826061
21827660
21829377
21829389
21829393
21873549
21876539
21876681
21878437
21900946
21901158
21909107
21909108
21909109
21909110
21909115
21912425
21926972
21931564
21931568
21935397
21943158
21946350
21956439
21957438
21977987
21980299
21980348
21980494
21983785
21983787
21993531
21998595
21998597
22001756
22005930
22005931
22019778
22019779
22028671
22029572
22032556
22037551
22037552
22037555
22044751
22051697
22054870
22075330
22076464
22081228
22085899
22087292
22116950
22118420
22120009
22137330
22138694
22140272
22144915
22158537
22158540
22170493
22174851
22174901
22182935
22188591
22190364
22197932
22197933
22205951
22216198
22229870
22233651
22238593
22239941
22245343
22247754
22267200
22267201
22279548
22286170
22286219
22291604
22291609
22293688
22295056
22303337
22306652
22310351
22321639
22327514
22333899
22342860
22343285
22344219
22359512
22365631
22377092
22383894
22383897
22384028
22384361
22388998
22391508
22396660
22399142
22403646
22412388
22417934
22423221
22424883
22425255
22430674
22437316
22438815
22445761
22446040
22446963
22449649
22452962
22466613
22482804
22484627
22503698
22504418
22504419
22504421
22508271
22513714
22524403
22526605
22541561
22542470
22544364
22544366
22551897
22554406
22560479
22561518
22566624
22584459
22633400
22634755
22658654
22658931
22664479
22672568
22693455
22693459
22694930
22703881
22704111
22705344
22726844
22747683
22760553
22763110
22788528
22792070
22823124
22828495
22883433
