10021361
10022904
10022928
10023660
10024882
10025398
10036229
10037799
10049942
10053006
10064069
10066435
10072072
10072481
10075656
10077652
10079256
10100623
10102266
10102268
10102273
10191087
10198291
10198631
10199400
10200466
10201950
10202154
10205180
10207111
10209034
10214908
10217420
10218588
10224278
10225955
10229797
10230406
10235266
10321728
10330177
10339564
10350061
10368288
10371034
10373510
10373557
10394364
10395539
10395669
10402461
10438626
10438935
10449773
10454565
10469599
10470034
10479448
10485710
10490103
10490993
10491328
10498338
10512690
10518945
10520995
10523831
10523834
10531003
10535941
10543983
10544125
10544250
10548110
10549282
10549626
10562567
10564664
10570274
10579907
10601333
10604985
10607567
10611248
10611478
10618369
10620603
10629055
10639125
10639137
10640428
10640743
10648173
10648629
10652257
10656791
10656792
10669757
10673366
10676816
10679238
10679268
10679438
10681634
10694513
10704444
10706668
10706702
10713164
10723029
10725331
10725696
10725697
10734310
10742600
10744977
10747026
10747093
10747096
10748235
10757800
10759542
10764623
10770799
10777662
10777694
10778855
10779545
10790433
10799894
10805738
10805775
10811835
10825200
10825291
10838074
10851062
10860980
10861009
10882063
10882098
10882101
10882133
10884341
10884405
10891503
10892742
10894160
10898936
10899937
10913176
10914484
10921872
10921897
10925294
10933394
10944113
10949031
10949035
10954748
10958687
10959836
10966814
10973499
10982827
10982844
10986460
10990447
10995436
11004490
11006133
11018049
11027606
11035788
11038187
11055896
11057907
11062261
11071869
11073981
11076968
11081627
11084335
11094073
11095724
11099377
11112487
11114375
11118213
11118221
11119712
11121043
11121055
11123271
11149895
11157749
11159893
11160214
11163199
11163209
11163210
11165242
11170142
11181178
11226238
11226282
11226752
11238451
11238463
11239454
11242053
11248093
11250901
11256994
11257231
11264352
11274402
11283257
11283721
11285280
11306556
11313909
11313965
11331308
11340163
11353842
11371342
11387210
11389842
11390642
11414686
11423904
11429702
11447115
11447289
11447294
11454738
11463392
11476890
11483512
11486021
11493706
11494148
11495705
11511374
11518510
11522292
11532962
11535616
11551508
11557037
11562423
11563910
11564764
11566266
11574155
11585921
11602640
11604131
11604418
11606061
11606067
11607830
11607834
11672528
11684289
11689006
11689432
11689702
11707068
11707405
11707585
11717447
11718896
11719186
11737239
11739401
11739726
11740940
11741541
11756551
11756651
11779503
11779505
11781872
11782313
11784853
11786497
11790530
11796141
11800564
11804586
11804589
11817894
11823423
11825621
11836381
11853874
11858820
11865025
11884610
11897663
11901194
11907067
11909529
11931757
11940607
11948691
11955436
11955593
11955595
11955599
11956313
11959990
11960013
11968001
11969368
11970960
11972023
11980922
11994459
11994499
11997436
12005431
12006501
12023008
12032298
12034449
12039074
12049766
12051921
12060767
12062105
12062470
12070128
12078484
12082080
12083769
12106601
12110171
12114024
12123608
12123826
12124177
12138178
12138205
12150915
12150926
12150994
12167717
12181749
12191481
12191486
12193656
12194817
12196628
12198549
12202038
12208882
12209127
12218187
12218189
12220504
12234920
12239347
12242293
12242332
12297423
12351678
12370410
12372285
12391017
12391150
12391162
12393749
12396008
12399544
12411505
12411508
12411582
12415008
12417130
12417715
12419185
12419216
12427552
12441051
12441129
12447442
12456653
12464682
12470955
12471095
12471124
12475640
12477934
12482908
12482924
12486012
12507995
12515866
12522689
12530964
12538664
12538665
12540854
12554650
12558975
12559132
12578958
12591950
12593795
12593796
12606939
12607005
12615073
12615973
12620240
12640026
12646216
12646273
12651161
12667806
12668644
12668660
12668767
12679033
12679384
12692552
12695496
12699629
12718880
12719537
12743109
12748283
12748383
12757705
12757706
12765789
12776181
12778123
12787574
12791267
12794186
1280419
12804595
12805220
12820959
12821933
12825073
12832462
12832467
12832624
12839990
12842042
12852856
12852857
12853463
12860405
12860470
12878163
12886008
12887920
12893276
12897153
12906785
12909021
12912907
12917691
12925712
12927775
12927802
12935895
12938160
12939256
12947415
12953056
12963821
12970193
1311092
13115432
1314587
1322796
1328683
1333190
1333888
1370087
1371879
1374236
1374246
1374684
1376928
1417831
1426053
14280442
1438243
14504267
14505571
14511394
14517248
14517278
14519192
14527418
14534538
14550283
14563551
14567914
14567916
14605214
14614828
14622581
14624239
14624836
14636577
14651849
14657019
14668441
14673179
14701753
14707061
14712218
14718169
14718384
14718519
14722252
14730319
14731593
14732096
14737186
14742685
14742870
14751759
14754902
14977973
14978253
14980219
14985505
15007061
15014438
15021893
15023535
15029244
15034010
15034551
15037762
15050920
15054114
15060529
15062104
15063764
15067078
15070733
15075231
15094036
15116089
15125833
15136729
15142525
15143187
15145317
15148369
15159419
15163724
15169888
15175151
15175153
15178252
15183529
15187135
15187158
15199097
15199141
15202998
15207236
15207811
15210733
15210742
15210812
15218527
15239952
15254227
15260976
15265913
15272312
15276183
15286279
15294972
15304223
15312780
15327769
15327770
15329413
15330449
15331416
15339662
15350224
15358536
15365099
15369671
15448205
15451466
15464082
15465037
15469846
15474027
1547496
15475003
15489910
15489916
15492225
15504864
1550550
15509800
15526033
15527798
15528364
15530433
15534001
15534202
15538381
15541657
15542682
15546612
15546618
15557120
15557162
15564375
15568014
15569716
15572341
15580655
15596121
1560526
15607800
15620648
15620693
15623578
15642270
15652348
15652488
15657421
1567413
15676027
15684404
15701692
15702989
15710388
15713743
15721257
15721307
15723797
15728349
15731250
15737063
15741237
15749015
15749160
15760269
15767370
1577494
15778442
15808505
15814722
15820681
15829515
15837422
15863029
15863030
15870016
1588291
15886116
15893672
15896744
15911768
15921909
15927284
15944294
15951850
15960985
15962011
15980156
15994232
16002701
16005629
16009940
16027725
16040750
16054028
16055064
16061177
1607388
16091734
16093323
16102042
16102047
16112642
16115959
16122702
16125763
16129412
16129888
16139798
16142218
16153868
16155256
16171819
16182515
16186508
16186820
16187797
16188938
16198295
16209941
16209946
16234328
16237089
16242130
16252010
16256737
16260650
16260747
16281057
16286015
16288713
16289117
16289642
16291214
16297198
16299471
16301747
16330023
16332960
16343444
16356853
16356855
16364914
16368756
16407073
16407834
16409631
16415903
16418336
16424907
16455995
16469117
16476485
16479008
16483568
16507368
16530044
16533948
16546209
16564538
16580177
16581250
16585540
16585556
1658606
16600872
16602827
16603398
16618810
16626623
16630808
16630834
16648466
16672363
16682347
16682505
1668266
16698036
16699525
16702230
1672265
16732330
16737824
16737840
16750198
16751101
16751102
16751103
16753179
16757337
16762451
16763549
16777603
16778797
16782892
16814735
16818765
16846591
16847051
16847322
16849466
16858409
16864653
16872604
16884718
16895971
16904324
16904340
16916645
16919435
16920917
16930978
16933987
16938345
16953218
16968945
16978839
16979207
16983089
16987978
17007889
17011499
17012248
17016457
17018285
1702217
17027967
17028573
17030608
1703543
17036048
17052452
17053788
17064312
17070842
17081983
1709010
1710450
1710578
17112726
17113138
17113861
17116209
17116749
17141195
17157040
17167768
17174565
1717476
17177598
17177604
17182573
1718267
17188549
17196528
17196961
17199038
1719979
17202323
17202354
1720305
17218255
17218263
17222083
1722333
17223356
17237375
17255936
17275357
17283063
17283181
17297457
17301226
17306374
17306620
1731614
17316621
17318185
17322878
17339034
17339379
17344430
17349580
17356069
17386267
17395714
17408801
17412408
17418785
17428919
17428920
17434750
17442946
1744577
17452530
17463226
17468049
17485511
17496917
17509148
17525745
17531812
17532339
17541404
17552943
17561251
17562858
17591695
17591919
17600090
17603038
17603494
17632058
17641029
17652160
17662946
17712310
17726518
17803937
17803942
17875933
17878374
17890055
17893241
17900700
17904548
17908236
17919183
17923684
17973576
17980149
17993263
17996943
18006661
18033240
18037887
18039849
18043707
18043734
18046453
18057259
18070982
18079694
18082565
18082604
18097444
18166152
18166170
18166647
18174896
18178619
18180283
18212043
18215623
18222703
18227151
18233961
18237417
18243100
18285462
18288277
18292509
18295589
18295596
18305167
18307765
18328708
1833064
1833065
18358808
18374420
18374639
18374649
18396350
1840504
18406720
18412956
18420269
18423202
18434644
18436335
18439422
18439900
18443287
18447580
18447585
18452557
18455985
18461144
1849459
18494801
18515384
18519587
18523010
18524595
18535008
18555990
18573886
18589439
18591409
18591661
18614053
18617632
18625844
18628966
18629938
18654640
18657508
18657639
186667
18691974
18692472
18700817
18721752
18724939
18761323
18772890
18775504
18818105
18820679
18824583
18824585
18940607
18941233
18951876
18977199
18995841
19000840
19001277
19013499
19022706
19041766
19047365
1905813
19061636
19063940
19075007
19079358
19110015
19114992
19119025
19125153
19135894
19136963
19146767
1915858
19187780
19193720
19193869
19198587
19217372
19239894
19249086
19278658
19278660
19293402
19359157
19361863
19369211
19375301
19398759
19409513
19410544
19410545
19411071
19433799
19451267
19452197
19470757
19478851
19479062
19484123
19524514
19531363
19538957
19556969
19564404
19587354
19592646
19628875
19652666
19656901
19668221
19675569
19701457
19729507
1973074
19749790
1978675
19800993
19805222
19851334
19855393
19858347
19859570
19861722
19893624
19914168
19917253
19926846
19927328
19933325
19935683
19940261
20047764
20062530
20080577
20080590
20083603
20093094
20101236
20106510
20129061
20133869
20138239
20156974
20160094
20226962
20230836
20303873
2038058
20403326
20412773
20418862
20434986
20440266
20449947
20470363
20479275
20483750
20485341
20530532
20560209
20560210
20605430
20691628
20701589
20807650
20817927
20850437
20865034
20865800
20889553
20937913
20966070
21029861
21095583
21111234
21116285
21129727
21129728
2121367
21224387
21258369
21298097
21335549
21402738
21408196
21444715
21454690
21490058
21532621
2153914
21555462
21593211
2163759
2166055
21666749
21737330
2177866
21822214
2182768
21878504
21931591
22045334
22101253
22101327
22123964
22140443
22162134
22163034
22164301
2217207
22210847
22306468
22344298
22354989
22421964
2244890
22454496
2247146
22579474
2261637
22619329
22634312
2295682
2317865
2373995
2391366
239860
2408761
2441877
2446925
2448316
2462607
2472219
2479552
2534964
2558651
2788034
2805069
2826231
2846352
2985435
301546
3019338
3032450
3155520
3202875
3260265
3366244
3537192
3675579
3770210
3848661
3942763
4065330
4178758
4216367
4360430
5057882
592398
592399
6019133
6088074
6148938
6177822
6238120
6270633
6274691
6309857
6568109
670886
6745415
6774759
6809411
6901506
6912277
702059
7151173
7510216
7511167
7513017
7518560
7538176
7539918
7541634
7542249
7557095
7565730
7588063
7589426
7589461
7590751
7600304
7601448
7602097
7644468
7667286
7669817
7679328
7684496
7687306
7687428
7692233
7700244
7719344
7739560
7745678
7758105
7769006
7790358
7791754
7796299
7799941
7806582
7811704
7834748
7851893
7875320
7878053
7902709
7905839
7937899
7954831
7972015
8001118
8007942
8015379
8021500
8033208
8044845
8046351
8048929
8082781
8137944
8144028
8156590
8156598
8183939
8185599
8194591
8195709
8197134
8201839
8242743
8243676
82604
8290554
8294032
8313469
8314844
8333853
8343952
8373393
8373420
8381049
8381365
8386511
8387282
8395824
8406495
8422676
8434121
8440392
8490964
8497049
8500173
8503909
8509458
8513896
8520027
8521505
8549768
8609386
8615909
8622651
8622669
8622701
8637916
8642258
8643566
8649374
8649453
8653785
8657151
8664309
8664345
8666380
8670264
8673706
8674110
8674119
8681376
8682206
8687433
8687460
8692835
8700872
8700888
8710908
8755247
8755573
8777713
8780727
8782898
8786315
8794855
8799126
8804434
8817670
8838651
8838667
8849694
8890751
8909537
8920913
8922386
8929543
8943031
8943354
8955171
8976194
8978814
8980223
8980228
8982657
8986718
9008162
9008167
9008168
9032261
9032295
9038339
9064337
9069260
9075930
9094314
9094670
9099992
9108473
9108481
9111318
9113980
9135143
9144196
9150144
9152406
9164944
9166405
9166430
9168115
9182757
9184217
9187150
9188609
9195882
9199292
9199344
9200440
9207005
9207062
9214649
9215638
9224703
9230307
9244301
9244302
9251239
9256425
9256427
9259561
9265649
9267021
9275162
9280292
9285712
9299490
9311827
9311981
9311995
9315665
9315679
9326583
9345306
9351809
9351824
9356464
9356492
9371760
9371782
9390557
9390561
9394011
9396761
9396765
9405152
9405375
9419371
9427390
9430229
9435216
9435229
9443892
9459292
9459443
9462510
9463333
9463416
9480847
9484840
9491887
9491897
9541017
9544801
9546424
9547293
9566877
9570564
9573233
9576949
9590251
9601098
9605141
9618465
9618518
9625352
9625766
9631292
9632781
9632793
9634703
9635433
9645947
9651582
9653119
9653148
9655483
9659902
9660935
9660940
9665271
9677297
9685210
9685625
9687533
9689078
9697839
9701566
9702198
9705962
9712716
9721247
9724731
9727485
9736715
9739761
9753325
9764820
9768359
9768361
978134
9786951
9790902
9792798
9808756
9819428
9821970
9832121
9837724
9843217
9846482
9851594
9858528
9858595
9859996
9860958
9865521
9865696
9872323
9883891
9885561
9886085
9891042
9891082
9892646
9922454
9927674
9930654
9934696
9973322
9973466
9986787
