-1
10022891
10023770
10024454
10024880
10024884
10025408
10026184
10026191
10026196
10026220
10026281
10028183
10037686
10037713
10037723
10037752
10048790
10049384
10049744
10049803
10049913
10049915
10052138
10052460
10064605
10069805
10074067
10074080
10074402
10074428
10074450
10075735
10075738
10075916
10075937
10077585
10077672
10079080
10080900
10085091
10085134
10087260
10087263
10087265
10089390
10089879
10090723
10092454
10092459
10092627
10094305
10094633
10094691
10097069
10097109
10103021
10187768
10187774
10196117
10196173
10196216
10200263
10206189
10206993
10207005
10207011
10207049
10208590
10212223
10213630
10213691
10213692
10216072
10217794
10218570
10219244
10219245
10219247
10229797
10230406
10230407
10231390
10233150
10318773
10318834
10318877
10318893
10321734
10322021
10322115
10323865
10329167
10329673
10329679
10330397
10330408
10336450
10336456
10339566
10339576
10344732
10346902
10347167
10348346
10348856
10352012
10353244
10357826
10358031
10358051
10358064
10359606
10359756
10360578
10362260
10364196
10366597
10367885
10368269
10368275
10368283
10369787
10369872
10373108
10373463
10376594
10377396
10377407
10377438
10378275
10383460
10385519
10385521
10385523
10385629
10388625
10388809
10393172
10393182
10393198
10393292
10393904
10393925
10395669
10397773
10397774
10398844
10400640
10402465
10404597
10404598
10409732
10409734
10409737
10411908
10413486
10413506
10417423
10417648
10419942
10425677
10425687
10426947
10426948
10426958
10427088
10427089
10428074
10428808
10428814
10428845
10428957
10428970
10430890
10436009
10436015
10436016
10438536
10438794
10445024
10445029
10445880
10446050
10446151
10446219
10449236
10449417
10449718
10449734
10454556
10455120
10460147
10471702
10477718
10480865
10480875
10480925
10485884
10486262
10487748
10487762
10488135
10488145
10488147
10490030
10490601
10490603
10490648
10493591
10493800
10498602
10498628
10500158
10501827
10504300
10504710
10508173
10508860
10512865
10512869
10512874
10512884
10517667
10518952
10518953
10519421
10521435
10521510
10523319
10523653
10523662
10523671
10525310
10525412
10525531
10526184
10529178
10535923
10535958
10543963
10545099
10545448
10550050
10550056
10556086
10556181
10557209
10557299
10558980
10559195
10559961
10559988
10564262
10564265
10564510
10564517
10567338
10567396
10567567
10570173
10571059
10574791
10574949
10574979
10576729
10576737
10580496
10581178
10581196
10581241
10581247
10581257
10583947
10583954
10587438
10587442
10588653
10589682
10593972
10594004
10594005
10595546
10597305
10601031
10601314
10601336
10604478
10606357
10608892
10610322
10611280
10611296
10617589
10617624
10617639
10617640
10617653
10618369
10619841
10619842
10619844
10625475
10625666
10631008
10632874
10633096
10636880
10637294
10637310
10638746
10642555
10647006
10648568
10648569
10648604
10648622
10652306
10652354
10652355
10654940
10655498
10660074
10662670
10664467
10669605
10669618
10669760
10673434
10675323
10678175
10681548
10681564
10681587
10683264
10684605
10688190
10688664
10688918
10692154
10692372
10693812
10698925
10700276
10700279
10704439
10706119
10706668
10706778
10708766
10712514
10712517
10713102
10713175
10715113
10716708
10716984
10722747
10722750
10725229
10725697
10731413
10731701
10733106
10734072
10734104
10734142
10739245
10745006
10745007
10745073
10747017
10747033
10747046
10747086
10747807
10747812
10747904
10748121
10748203
10749860
10749875
10749918
10753109
10753924
10753972
10756017
10756191
10759558
10760266
10761922
10764785
10766846
10767348
10767562
10768840
10770925
10772859
10775417
10775655
10777588
10778755
10779781
10781095
10781587
10781811
10782989
10784442
10786836
10788793
10790377
10790385
10792032
10797014
10801492
10801828
10805724
10805770
10806190
10809695
10809785
10825193
10830168
10837468
10837477
10848588
10848632
10860730
10860740
10862619
10869074
10869428
10869433
10875894
10876155
10876167
10876240
10878014
10878810
10879525
10880432
10880444
10880451
10880467
10880468
10881197
10881198
10882066
10882134
10882728
10884228
10884387
10888670
10888672
10888675
10888680
10890893
10891354
10891485
10894736
10898792
10899308
10900456
10903799
10903949
10903950
10906130
10906145
10906324
10910894
10910977
10911987
10913188
10917520
10920254
10924114
10924463
10929710
10930425
10931295
1093174
10932248
10933786
10935543
10940041
10940301
10943844
10945975
10947986
10949040
10950868
10950949
10953010
10956646
10958687
10964916
10966114
10966813
10970856
10973963
10975521
10975842
10978276
10978347
10982797
10982824
10984488
10984492
10986462
10990452
10992286
10995226
10995234
10995454
11001059
11007476
11013219
11014800
11015209
11018020
11018054
11020276
11022030
11022036
11024162
11027267
11027275
11029046
11029413
11029420
11030345
11031115
11031268
11032802
11032818
11034992
11036083
11038361
11043577
11046143
1104622
11048711
11053380
11060015
11060033
11061966
11063581
11065362
11069186
11069666
11069672
11070080
11070082
11071933
11074005
11078523
11078739
11078744
11080502
11081631
11084334
11085509
11086000
11086158
11087740
11087867
11089964
11095676
11099048
11100732
11101153
11101501
11102353
11106733
11110785
11113136
11113198
11113201
11114178
11117529
11117532
11118038
11118218
11120740
11121055
11124029
11134337
11135669
11139337
11139573
11140638
11146663
11157755
11157933
11157978
11158312
11160833
11162540
11165249
11169100
11172707
11172717
11179228
11179233
11183778
11196647
11208097
11214325
11223036
11224573
11226157
11226336
11230135
11230140
11230142
11237870
11238921
11244076
11250202
11250911
11251068
11251069
11251120
11254385
11259404
11259433
11259614
11263668
11266593
11274135
11274141
11277925
11278309
11278372
11278498
11278571
11278734
11278742
11278858
11279045
11282024
11283351
11283608
11283612
11287615
11287679
11290701
11290702
11290703
11292793
11292818
11297552
11301006
11302750
11309116
11314038
11318637
11319236
11320246
11320256
11323414
11323716
11323717
11328822
11331291
11331312
11331602
11333224
11333269
11333271
11336698
11342549
11349076
11350937
11353844
11356855
11358866
11359919
11361335
11369780
11371343
11377200
11387327
11388466
11389843
11390369
11390379
11390651
11390652
11390656
11390659
11395493
11399071
11401714
11404322
11404324
11404483
11408486
11408575
11410349
11412098
11418596
11419936
11420439
11422364
11425851
11425876
11428898
11430828
11432834
11432874
11433293
11440714
11445571
11447600
11453690
11454208
11457824
11457827
11459182
11459632
11459846
11463345
11463386
11463785
11463787
11468284
11470772
11470800
11473260
11473263
11474067
11478912
11483497
11486018
11486023
11488932
11489916
11491290
11493686
11493705
11495998
11498592
11500384
11500510
11502794
11509570
11509656
11511343
11511359
11511366
11518714
11523801
11524675
11525167
11526476
11527965
11527993
11532933
11532947
11533240
11533254
11533256
11535617
11536337
11544184
11546815
11546864
11551199
11551506
11553611
11553702
11553714
11560939
11562347
11562348
11562353
11562502
11566880
11569804
11572866
11572877
11574463
11575919
11580238
11580241
11581261
11583627
11585365
11585918
11587849
11590152
11590240
11591349
11591389
11591653
11591668
11591686
11592965
11595741
11595789
11598206
11601855
11604493
11604525
11606586
11668184
11675790
11676541
11682605
11683626
11684674
11689439
11689683
11689685
11689687
11689695
11689698
11689709
11694574
11698381
11711434
11711548
11711675
11713271
11713534
11713681
1171472
11716519
11722740
11724818
11731479
11731480
11732895
11733049
11733064
11733065
11733493
11733989
11738042
11739742
11739778
11739780
11741545
11741602
11742986
11742990
11743162
11743879
11744735
11751765
11751867
11751917
11752412
11756468
11777003
11777918
11779463
11779797
11786017
11790731
11793364
11796724
11799122
11800013
11804582
11805121
11805826
11805837
11807498
11809766
11809814
11812124
11812151
11821039
11825877
11827487
11834724
11842115
11842117
11844802
11850430
11853669
11854301
11864574
11866514
11866515
11867522
11867639
11872715
11877378
11884128
11884586
11884593
11893751
11893754
11897782
11904430
11910030
11919638
11923283
11923293
11923319
11927560
11927594
11929532
11929974
11931638
11931773
11940600
11940603
11940652
11943201
11950888
11950928
11955054
11955070
11961546
11967269
11967834
11969416
11970961
11970962
11972033
11973288
11973290
11973299
11973328
11980480
11983079
11994151
11994155
11994162
11994317
12003935
12003949
12004122
12005432
12006647
12009917
12011112
12022885
12023896
12024050
12029138
12042306
12044158
12048186
12050115
12051943
12052857
12052886
12054856
12055639
12057967
12058056
12058072
12059959
12065415
12065579
12068812
12071954
12071968
12077334
12079332
12080089
12080090
12080091
12080120
12080332
12083785
12084919
12086626
12086627
12101179
12101218
12110597
12119014
12125048
12134063
12138098
12138117
12138185
12145204
12145212
12145219
12146969
12150916
12154087
12163175
12163467
12167164
12167700
12169637
12171935
12181321
12181349
12185498
12186954
12191481
12198162
12198498
12200120
12200140
12200147
12202833
12206765
12212850
12215531
12215532
12215547
12218018
12221072
12221291
12232047
12234918
12235139
12235149
12235156
12237851
12239216
12242276
12242285
12244298
12352954
12356757
12359079
12364329
12367533
12370410
12372413
12372836
12374803
12377768
12377769
12379641
12388757
12388763
12391144
12391147
12391316
12393887
12399377
12400013
12403464
12403785
12413490
12417197
12417731
12417740
12419313
12426330
12426336
12426383
12426582
12427742
12429847
12431996
12437126
12437925
12437929
12441341
12445774
12445781
12446901
12452438
12453214
12453215
12459914
12499356
12509298
12509449
12514740
12517338
12525480
12527298
12529317
12529318
12535065
12560476
12560550
12562786
12565879
12570871
12571226
12581788
12588994
12598654
12601152
12615712
12618442
12618451
12620238
12624113
12640129
12642659
12660246
12676951
12691749
12697828
12702815
12719473
12727285
12766163
12767828
12767831
12771143
12788950
1280226
12813052
12813067
12813074
12820974
12829697
12838411
12853477
12853609
12857851
12861024
12861028
12873812
12876220
12876294
12881429
12885413
12888503
12897000
12897015
12897161
12912927
12917350
12923168
12927023
12939258
12941942
12946344
12946360
12949174
12953057
12954623
12970190
12972503
12972615
12974639
12975325
1303763
1310678
1311321
1315784
1316273
1322798
1325437
1325440
1326789
1328224
1334573
1339314
1349852
136256
13678584
1369484
1370623
1370624
1372492
1372994
1375038
1382312
1388160
1390735
1396586
1400170
1400380
1400408
1400447
1406674
1406951
1423597
1435721
1448101
14504276
14512422
14519104
14522970
14557266
14568529
14573466
14574415
14605208
14617638
14622423
14624239
14624240
14633977
14637155
14642562
14642571
14657017
14660673
14662743
14663069
14665631
14668326
14674886
14687566
14688274
14691533
14691544
14698300
14704431
14715083
14726213
14736892
14737186
14743216
14747994
14755055
14766221
1495999
14962387
1496382
14966532
14973045
14982625
14982626
1498369
14996819
15010547
15013418
15030475
15045029
15090519
15090526
15101556
15111053
15150238
15155734
15180985
1518857
15208638
15223321
15228545
15247236
15255893
15258151
1525820
15292126
15292150
15314656
1531482
1532582
1532796
15328530
15328534
15328537
15333946
15339903
15340069
15342598
15352874
15371440
15383838
15388941
1540130
15458408
15458420
15459336
15465042
15489458
15491603
15492777
15494414
15502874
15509578
15511529
15522076
15522865
15530360
15530361
15530362
15530365
15530370
15530371
15530372
15546976
1554725
15556943
1556104
15571719
15576029
15576034
15576682
15576805
15583397
1558969
15612918
15616579
1562503
15630473
15632130
15642258
15642260
15642262
15642265
15642266
15642269
15642270
15690043
15694381
15698565
15698567
15698572
15698576
1569942
15709772
15710747
15716444
15734325
15736954
15737063
15757895
15760278
15769476
1577274
15774864
1579570
15802642
15802653
15807530
1583684
15837191
15837194
15837196
15837199
15837202
15838051
15848164
15849180
15882410
15893665
15893666
15893668
15893669
15893670
15893671
15893672
15901727
15918769
15918770
15923378
15939019
15939020
15939022
15939024
15941357
15941830
15979641
16004869
16004871
16004872
16004873
16004875
16004877
16030223
1606973
16084384
16084386
16084388
16084390
16084392
16093310
1610370
16106344
16131227
16153185
16154084
16154086
16154092
16154093
16154094
16172129
16176121
1618807
1620114
16216574
16216575
16216576
16216578
16271883
16271884
16271887
16271889
16271890
1628834
16292983
1631061
16327805
1632785
16338403
16338409
16338412
16338413
16338414
16338416
16338417
16341225
16341228
16369485
16369487
16402857
16402859
16407062
16407064
16407066
16407070
16407071
16407074
16407075
16415880
16415881
16415882
16415883
16429154
16442803
1644759
16462746
16462748
16472737
16472738
16472741
16472742
16472743
16472744
16472745
16472747
16472749
16472752
16472755
16474402
16491090
16494529
16509771
1651503
16518398
16518399
16531226
16531231
16531232
16531238
16531240
16531241
16531242
16564177
16565725
1660136
16615907
16615908
16615911
16615912
16615914
16615917
16615918
1661673
16622404
16622408
16646632
16669699
16698545
16698547
16698548
16698549
16698550
16698552
16698553
16699513
16699514
16715093
16715094
16719562
16732283
16732284
16732286
16732694
16751
16756390
16765891
16765893
16765894
16765897
16765900
16767096
16783373
16783377
16802858
1680916
16829961
16843894
16843897
16843899
16843900
16843901
16862158
16869714
16892066
16895441
16905096
16905097
16905099
16905100
16905101
16905102
16905103
16905106
16905107
16906159
16906160
16921379
1692958
16962970
16962973
16962974
16964259
16968134
1697759
16980971
16980972
1701053
17013386
17013387
1702217
17027498
17027500
17027502
17027503
17027504
17048991
17057713
17057714
17057715
17057716
17076584
17086181
17098188
17098191
17098193
17098196
17099698
17099700
17115050
17115052
17115053
1714587
17147473
17159994
17161365
17161368
17161369
17161372
17173052
17177603
17187075
17187077
1719215
17195847
17206147
17220895
17223533
17223536
17223537
1722683
17227144
17253903
17277784
17292833
17292836
17292837
17292842
17293872
17293873
17298188
17310249
17310250
1731086
1731246
1731906
1732062
17334375
17341134
17351629
17351631
17355867
17355871
17384644
17388688
1740425
17435768
17437712
17437714
17437717
17437718
17437719
17450151
17450153
17460694
17472440
1747419
17496903
17502098
17502099
17502103
17502104
17503969
17515904
17515907
17518518
17529992
17529994
17535111
17540576
17550305
17562312
17562314
17562315
17562317
17562318
1756728
17572682
17572683
17579517
17589523
17589525
17589526
17603498
17608567
17632520
17632522
17632523
17636121
17636126
17636129
17637339
17637340
17637342
17637344
17640888
17640891
17640894
17643121
17646655
17652170
17652514
17660298
17660831
17666527
17666529
17676061
17676993
17683942
17684099
17686975
17686986
17690245
17697997
17697999
17698001
17698807
17698809
17698811
17699617
17699618
17699623
17699634
17704259
17704818
17709747
17709753
17715056
17715062
17715064
17715295
17715303
17721548
17724342
17724343
17724346
17726103
17726107
17766439
17766440
17785411
17785416
17785417
17785425
17803358
17804794
17804795
17804797
17804805
17804809
17846426
17846429
17848514
17848518
17850179
17850745
17850746
17850748
17873058
17873062
17873065
17873883
17878293
17878296
17878303
17880263
17881560
17890322
17891150
17892321
17895379
17895385
17898163
17898177
17901208
17909180
17909182
17911250
17911258
17913888
17914904
17921255
17921256
17922011
17922012
17923670
17934474
17937911
17937912
17937913
17937915
17937918
17937919
17937921
17939993
17939994
17940002
17940036
17940044
17940050
17940053
17941720
17942670
17942686
17942696
17942705
17947383
17951432
17952093
17954914
17954916
17959776
17959782
17959784
17962415
17968007
17968012
17984067
17986610
17989220
17989235
17991777
17997963
17997967
17997968
17997972
17997974
17997975
17998537
17998538
17998541
17998543
18000057
18000058
18003897
18003900
18003910
18003914
18003919
18024585
18024586
18025461
18025469
18026117
18032606
18032608
18040042
18040043
18040044
18042718
18042720
18042724
18042729
18044988
18044991
18044992
18048326
18048335
18052611
18056643
18056647
18056802
18056806
18066077
18066080
18066081
18073105
18073106
18073109
18073110
18073111
18073113
18073115
18077326
18077336
18077367
18077379
18077395
18084303
18084305
18084306
18087039
18087040
18093912
18093920
18093941
18157148
18157152
18160537
18162541
18162544
18162551
18162556
18165314
18172197
18172215
18172216
18178614
18182486
18182488
18184036
18184581
18184583
18184586
18184587
18184588
18184589
18192401
18195352
18195355
18198278
18198944
18199837
18203820
18204463
18204464
18204465
18216238
18216266
18216269
18216271
18223155
18223659
18230726
18230729
18230735
18234857
18234858
18245388
1824919
1824941
18250299
18250300
18250304
18250306
18250314
18250317
18250328
18250332
18250335
18252829
1825699
18264113
18268325
18268334
18268343
18268347
1827203
18272479
18272491
18272495
18275811
18275814
18275817
18275819
18275821
18278055
18278056
18278057
18287010
18287011
18287022
18287027
18287031
18287044
18287053
18287072
18287075
18292223
18292230
18296632
18296637
18296639
18296641
18297086
18297087
18297088
1830372
18303947
18305167
18305175
18308939
18310321
18310324
18316726
18316739
18318601
18319344
18322016
18330356
1833068
1833185
18332422
18332441
18334211
18334212
18334213
18334214
18334215
18334218
18334219
18334220
18334222
18334631
18334637
18334645
18334649
18337495
18337501
18337511
18339811
18345014
18347331
18353982
18356299
18356301
18359851
18362332
18362341
18362344
18362350
18362360
18364395
18366254
18367666
1836978
18375758
18376415
18376416
18378892
18378898
18378904
18385377
18385378
18385381
18388201
18391197
18391200
18391203
18391205
18391209
18391212
18391219
18391222
18400175
18400177
18400179
18400180
18400181
18400183
18400184
1840505
18408164
18413597
18413607
18420823
18425141
18425143
18427106
18427122
18434540
18434552
18436640
18436646
18436649
18438417
18443286
18443296
18443301
18445650
18445651
18445652
18448676
18448684
18451027
18451032
18454158
18458331
18458339
18458342
18458345
18462673
18462674
18462676
18462680
18462681
18462682
18462684
18462685
18462686
18463290
18463291
18467490
18467495
1846781
18474855
18474858
1847722
18477694
18477699
18480252
18480253
18480266
1848244
18483193
18483195
1848682
18488039
18488041
18490658
18490661
18492805
18494562
1849457
1849459
18495927
18495928
18499799
18500352
18505839
18505846
18509053
18509058
18509060
18509061
18511559
18511561
18511562
18511944
18513977
18524952
18532877
18532879
18535142
18541910
18541915
18547146
18547524
18547528
18547529
18550812
18550814
18550821
18550825
18550827
18550832
18550837
18550842
18552824
18552826
18552827
18559856
18559859
18562274
18562278
18562279
18562292
18562297
1856235
18567673
18568038
18571423
18574147
18574155
18579777
18579787
18583477
18587047
18587049
18587050
18587051
18591661
18591664
18591666
18591676
18599299
18599439
18599441
18599451
18599455
18599458
18606994
18606998
18607004
1860836
18611375
18611377
18611379
18611380
18611381
18611383
18611384
18613748
18621675
18621684
18621709
18622392
18626018
18632560
18632580
18632581
18641123
18641128
18641662
18641664
18647830
18647839
18647841
18650379
18660819
18660822
18664580
18666831
18667692
18669646
18669652
18676613
18678890
18678909
18678918
18682221
18682222
18682223
18682224
18682225
18682226
18682229
18682553
18682563
18682565
18687884
18689676
18689681
18689684
18695243
18695251
18697939
18700816
18700817
18701719
18711132
18711143
18713862
18713863
18715118
18715999
18716000
18719096
18719102
18719106
18719108
18719121
18719128
18723677
18723680
18723681
18723682
18723684
18725634
18725644
18725645
18728185
18728196
18753623
18753625
18755899
18757723
18757735
18757741
18757751
1875942
18765807
18768789
18768791
18768815
18768816
18772386
18772391
18776048
18776052
18776901
18776902
18786395
18786396
18786397
18786399
18786400
18786401
18786403
18786405
18787112
18787115
18787122
18794531
18796613
18796614
18798693
18799741
18799746
18809911
18809921
18812503
18812505
18812507
18812515
18817453
18818090
18818304
18824697
18828672
18829436
18829440
18832153
18832158
18832173
18832467
18836069
18836083
18836453
18836454
18836456
18838687
18838690
18840680
18840681
18840687
18840690
18840695
18840696
18845677
18845680
18845684
18845687
18852451
18854416
18922045
18927235
18931676
18940602
18940603
18940604
18940605
18940606
18940607
18940608
18940609
18940610
18940611
18940612
18942891
18946037
18948590
18948596
18952844
18953335
18953337
18955708
18957537
18959476
18971333
18971336
18981409
18988734
18988747
18997778
19000816
19000817
19000822
19000824
19001261
19004788
19007302
19008353
19011089
19011090
19011093
19011110
19011111
19011633
19015515
19015517
19015526
19017797
19017798
19017809
19017811
19020080
19022904
19022906
19028869
19029895
19033464
19033468
19036922
19043414
19047629
19050071
19060202
19060208
19060217
19073914
19073923
19074258
19074266
19074269
19074270
19074278
19074285
19075231
19075240
19081055
19081057
19081059
19081061
19081062
19081064
19088199
19088202
19090619
19091944
19091955
19095800
19098915
19098916
19098917
19104048
19109439
19114658
19114660
19114662
19116271
19116273
19118202
19122147
19122660
19126684
19129502
19131516
19136632
19136958
19139409
19141279
19141281
19141282
19141286
19141287
19141288
19141635
19143472
19144921
19151722
19151726
19164528
19164530
19164531
19164538
19164553
19164561
19164574
19164755
19164757
19164760
19164764
19168626
19168635
19171884
19171893
19171904
19171905
19171907
19172744
19172748
19172749
19172750
19172752
19174511
19174517
19175293
19179285
19179289
19179401
1917972
19181847
19181850
19182799
19196955
19196961
19196968
19196987
19196990
19196992
19198587
19202061
19202064
19202075
19202080
19204287
19204291
19204296
19208802
19208805
19208808
19209957
19217390
19217391
19217392
19217396
19217397
19217398
19217399
19218427
19218444
19218445
19218448
19219046
19223579
19223583
1922387
19234109
19234114
19234465
19234466
19237555
19237563
19237565
19237566
19240213
19240214
19243221
19243223
19246376
19246390
19251634
19251641
19251649
19251672
19255425
19255439
19255446
19255449
19255450
19260761
19264960
19264966
19270079
19270702
19270703
19273847
19276109
19276117
19278648
19278651
19278655
19278656
19278657
19278661
19279214
19282482
19287395
19293385
19297616
19297620
19299503
19304802
19305405
19307584
19321420
19321746
19329486
19332778
19332782
19332786
19332801
19338388
19338389
19339972
19342483
19346472
19346490
19351902
19357306
19359471
19359484
19363480
19363481
19368884
19368885
19368887
19368888
19368890
19368892
19368893
19369197
19369198
19369209
19369211
19376969
19377479
19380729
19383790
19396170
19396172
19402744
19402751
19402753
19402756
19412186
19416828
19416886
19416887
19416906
19416908
19416914
19419239
19419241
19423668
19423669
19429706
19429709
19433791
19433794
19433799
19435845
19439658
19439659
19439666
19446522
19446523
19446524
19446525
19446527
19446529
19446532
19448616
19451619
19451643
19458258
19458259
1946369
1946372
19465913
19465914
19465915
19465916
19468300
19468302
19470455
19470456
19470470
19470484
19470645
19470647
19474788
19478062
19478803
19478851
19487671
19492042
19497860
19502428
19503077
19503078
19503079
19503843
19506252
19506258
19509333
19513100
19513107
19515819
19515821
19523898
19523899
19523900
19523901
19523902
19523906
19523907
19525970
19525971
19525972
19529756
19536159
19541607
19541632
19543288
19549823
19549834
19549854
19549863
19549872
19553937
19561298
19561611
1956405
19564620
19564905
19570996
19571006
19571008
19574450
19576787
19578361
19581590
19581596
19581598
19587235
19587239
19590017
19597144
19597481
19604474
19604478
19604480
19604482
19606142
1961703
19620712
19620963
19622740
19622741
19622744
19622745
19626005
19628690
19633650
19641588
19641589
19646884
19648926
19651599
19651602
19651603
19651604
19651607
19651618
19651619
19666485
19666488
19666509
19666511
19666527
19666563
19666574
19666608
19667193
19667197
19667203
19668211
19668212
19668213
19675567
19675569
19679088
19680239
19684598
19684601
19693014
19701184
19706394
19706414
19706418
19706428
19706440
19706448
19706468
19706470
19706512
19706519
19706524
19706527
19706535
19706536
19706539
19706541
19706542
19706553
19706554
19706893
19713957
19713958
19717422
19717441
19717454
19720999
19721004
19721007
19727074
19734898
1974464
19748340
19748342
19748344
19748346
19749752
19749753
19759536
19759537
19767750
19783980
19783985
19794415
19794495
19805022
19805025
19805029
19805034
19805065
19805070
19805071
19805072
19805092
19805099
19805105
19805114
19805151
19805157
19805182
19805193
19805198
19805200
19805216
19805217
19805221
19805234
19805276
19805277
19805278
19805279
19805280
19805282
19805283
19805284
19805286
19805289
19805290
19805304
19805313
19805317
19805342
19805344
19805348
19805354
19805355
19805358
19805379
19806181
19806182
19815500
19815501
19815506
19815520
19815531
19820168
19820686
19820710
19822740
19822742
19822743
19823572
19823668
19823669
19826086
19828435
19828436
19828437
19829382
19833870
19836333
19836334
19836337
19836338
19836340
19838187
19838188
19838190
19841259
19841260
19841277
19843693
19846792
19847268
19847269
19855011
19855379
19858488
1985924
19861547
19864627
19876371
19880746
1988456
19885391
19887627
19887633
19887642
19889974
19889975
19889979
19889981
19890330
19890332
19893533
19897728
19898420
19898475
19898494
1989885
19901337
19903875
19903881
19906994
19907493
19910535
19913481
19913487
19915587
19915589
19918049
19918057
19920174
19924125
19924127
19924216
19933325
19934039
19935646
19940238
19940245
19940246
19940249
19940251
19940917
19946266
19946269
19948956
19955404
19955405
19955415
19955424
19955427
19955438
19956254
19956565
19965374
19966216
19966221
19966222
19966225
19966279
19966284
19966286
19966287
19966288
19966293
19966296
19966303
19966308
19966799
19966800
19995966
20004160
20004161
20004165
20004168
20007378
20007781
20007786
20010838
20010840
20010843
20016594
20016602
20018655
20018665
20018686
20018712
20018736
20018742
20018744
20018756
20018767
20023628
20023629
20023641
20037597
20043823
2005966
20062057
20062059
20075857
2007593
20080536
20080564
20080577
20080618
20080625
20080627
20080631
20080635
20080640
20080671
20080676
20080680
20080685
20080707
20080709
20080729
20080733
20080736
20080742
20080758
20080767
20080774
20080776
20080788
20080789
20080798
20081868
20090677
20090755
20098421
20098423
20098424
20098425
20118915
20118935
20126258
20126259
20126263
20126385
20130576
20130577
20133580
20133598
20133608
20133613
20133640
20133651
20133653
20133654
20133662
20133674
20133692
20133694
20133701
20133713
20133715
20133729
20133743
20133749
20133753
20133758
20133759
20133777
20133789
20133804
20133809
20133810
20133839
20133840
20133842
20133843
20133845
20133847
20133863
20133869
20133875
20133879
20139300
20139304
20139983
20142477
20142502
20142506
20142512
20142513
20145116
20152150
20152151
20152153
20152156
20152160
20154270
20154706
20154708
2015910
20159461
20159462
20159466
20159469
20160071
20160094
20160119
20161720
20164921
20169111
20173761
20173763
20173764
20176938
20176951
20182505
20185755
20190754
20190755
20194751
20194754
20194787
20194792
20194796
20203010
20208519
20208545
20212121
20212140
20212142
20212143
20212144
20212161
20223211
20223212
20223214
20223215
20223216
20223217
20223218
20223219
20223220
20223221
20224036
20228790
20228801
20228803
20231439
20231452
20231458
20231465
20231482
20231485
20231488
20237569
2026147
2026607
20304803
20305637
20305653
20305655
20305656
20308550
20308552
20308576
20308582
20308583
20348415
20351242
20351243
20351249
20351257
20351260
20357769
20357771
20360743
20364124
20364130
20368414
20368419
20368450
20368466
20375281
2037567
20383142
20383143
2038333
20385802
20385816
20385832
20386726
20393562
20399181
20399185
20399187
20399188
20400691
20400946
20400949
20400950
20404143
20404149
20404153
20404169
20404183
20404188
20404192
20404198
20404199
20404203
20404999
20405001
20410461
20410883
20414307
20418504
20421503
20421506
20421509
20424608
20428112
20428113
20436459
20439702
20439707
20439720
20439727
20439742
20439756
20453836
20453860
20457914
20457939
20457942
20462489
20462490
20462492
20462493
20462495
20462497
20463740
20463741
20473284
20473317
20479242
20479254
20479255
20479256
20479262
20479265
20479269
20479275
20484676
20485341
20485342
20485439
20498050
20498073
20498078
20498086
20498094
20505120
20505668
20512149
20526336
20534429
20534433
20534440
20534443
20534451
20534456
20534495
20534503
20534506
20534509
20534510
20534517
20534529
20534537
20534549
20534558
20534570
20534573
20534575
20535204
20538977
20541505
20541506
20541507
20541508
20541511
20541512
20543138
20543824
20543827
20543829
20543830
20543831
20547855
20547877
20547879
20562857
20566885
20574420
20577214
20581823
20581824
20581825
20581826
20596014
20601960
20613835
20613843
20613845
20615984
20615990
20616037
20616047
20616048
20616068
20616083
20624951
20624963
20624979
20624990
20625545
20625546
20631709
20634424
20637414
20637416
20637423
20637424
20639883
20639888
20643958
20647385
20657587
20660729
20660751
20660778
20660783
20663949
206652
20668449
20668654
20671708
20675586
20676100
20676101
20679211
20679221
20679232
20679240
20679249
20689043
20689044
20689801
20689804
20696391
20696392
20696394
20696396
20696397
20696398
20696404
20696907
20696912
20696918
20696927
20696935
20696938
20703307
20711187
20713695
20713702
20713710
20713740
20716687
20720539
20725044
2072900
20729832
20729859
20729862
20733070
20733078
20736353
20739936
20739937
20739938
20740007
20740013
20798035
20798051
20798056
20798060
20798061
20798350
20800503
20802487
20802488
20805473
20805477
20805500
20807745
20811458
20811460
20811461
20818391
20818393
20823219
20823234
20823244
20826335
20826336
20826339
20826341
20826346
20826442
20826443
20829798
20835227
20835240
20835242
20837520
20844487
20852615
20852643
20852644
20852645
20855585
20855601
20855604
20855622
20858733
20861839
20865002
20865003
20871616
20876096
20876099
20876100
20876129
20876132
20876143
20877282
20880831
20880835
20880836
20881961
20890290
2091026
20921362
20921370
20921392
20921405
20921411
20927106
20927107
20935634
20937888
20937900
20937909
20937912
20937913
20940320
20944748
20944749
20947016
20947019
20947020
20953180
20953181
20956299
20956301
20962273
20967232
20972446
20972447
20972448
20974911
20974918
20974920
20974926
20974963
20974977
20981093
21037563
21037566
21037567
21041626
21041636
21041660
21041661
21041666
21041667
21041675
21041680
21041684
21045134
21048711
2105501
21057109
21057110
21059932
21059936
21059944
21059949
21070941
21070942
21070949
21070950
21070952
21072240
21078954
21078963
21078975
21078995
21081698
21085117
21085121
21098279
21098282
21098288
21098297
21098664
21102444
21103407
21106765
21107322
21113149
21113167
21115825
21115842
21115843
21124318
21124458
21124883
21131979
21134636
21134638
21134639
21134641
21134643
21134645
21135237
21139053
21148103
21148420
21149691
21149701
21149710
21149717
21149733
21151881
21151884
21170049
21170051
21173279
21178074
21179087
21179498
21183720
2118521
21186364
21187379
21187384
21187394
21187406
21187417
21187421
21187429
21203588
21203589
21205904
21209328
21209335
21217701
21217702
21217703
21220114
21220115
21220116
21220118
21220120
21220123
21220294
21220305
21233420
21240259
21240268
21240270
21245303
21245321
21245342
21245343
21248851
21248852
21256037
21257905
21257910
21262798
21262840
21264353
21270332
21278755
21282602
21282606
21282611
21282648
21289280
21295486
21297635
21300286
21300287
21300288
21300289
21300290
21300292
21300294
21300860
21300906
21304920
21304926
21317882
21317894
21317898
21321230
21325058
21331043
21331046
21336276
21346760
21346797
21350490
21358628
21368142
21368759
21368763
21378962
21378963
21378965
21383126
21383156
21383189
21390126
21397184
21397188
21397192
21399643
21399644
21408196
21422279
21422296
21423167
21423194
21423195
2142620
21430779
21436041
21436043
21439835
21441902
21441910
21441913
21441914
21445328
21455181
21460838
21460843
21460846
21464278
21464285
21464306
21468359
21471968
2147685
21478863
21478865
21478871
21481771
21481773
21481774
21481776
21481780
21482778
21499243
21499245
21499263
21502531
21508957
21518866
21518870
21525927
21525932
21526221
21531907
21532587
21532592
21532593
21532594
21536913
21540330
21551100
21552258
21552260
21552261
2155233
21565697
21565698
21565702
21565704
21572436
21572446
21586634
21586636
2158863
21593871
21602819
21613998
21614075
21620717
21622852
21623367
21628585
21633354
21637253
2164219
21642534
21642969
21645851
21645854
21645859
21646546
2166563
21666676
21666677
21666678
21666679
21666802
21670246
21670263
21670282
21670305
2167176
21677647
21677751
21677752
21685921
21685922
21690368
2169352
21706008
21709215
21709243
2170974
21713032
21713033
21725292
21725323
21725325
2172983
2172988
21730132
21730137
21730140
21730170
21730179
21730186
21734658
21737752
21742259
21742261
21742267
21742268
21743455
21743456
21743457
21743458
21743477
21746902
21765416
21765418
21768348
21772288
21782458
21785412
21785414
21788477
21822280
21822282
21822284
21827948
21827949
21827950
21827954
21828006
21841788
21841804
2185038
21857663
21857666
21866104
21873984
21873985
21874019
21889351
21892167
21892170
21893285
21893286
21893288
21893289
21893290
21893291
21918512
21926999
21927000
21927001
21931534
21938068
21944579
21947206
21964332
21980262
2198073
21983965
21983966
21984185
21984209
21984211
2199449
22000513
22000515
22000517
22000519
22000520
22002602
22002606
22002607
22012259
22012399
22020281
22028625
22028648
22032967
22037170
22039351
22048310
22048315
22056769
22056770
22056771
22056990
22078559
22078563
22078569
22081014
22081016
22101932
22101933
22101936
22110403
22113614
22120668
22121023
22139014
22139424
22140357
22153498
22153499
22153505
22153507
22153508
22153509
22153511
22158123
22162949
22170608
22178926
22179786
22180726
22215984
22230954
22230959
22244757
22244759
22244764
22244766
22253573
22253574
22258505
22272185
22297846
22307274
22307275
22325776
22325778
22325781
22325782
22325783
22327295
22327296
22343900
22347812
22367539
22388820
22398447
22405002
22405003
22405006
22405007
22405009
22405011
22405012
22405014
22407319
22407320
22407322
22419154
22425994
22437499
22446627
22456709
22479149
22483105
22483107
22483108
22483113
22483114
22483115
22483116
22483117
22483119
22529745
2254332
22545021
2266128
2266565
2333
235429
2402637
240428
2451029
2473775
2497053
2498083
2511324
2522091
2531105
2536011
2538627
2546148
2547163
2550323
2552436
2553668
2554312
2555171
2557337
2569363
2643110
2645289
2647735
2649892
2653827
2656698
2664468
2665813
26682
2676722
2828368
2836396
2844729
2854061
2868692
2875734
2876389
2922050
2966143
2967816
2969698
2975709
3008843
3020034
3020035
3037029
3047116
3053720
3056932
3058476
3060468
3069843
3081491
3136164
321015
3279034
3283126
3303028
3304349
330531
3314578
3322385
3510664
3512295
3546298
3546318
3586030
368075
373796
379826
385308
3881257
3888994
3888995
3896306
3896789
3944117
4302
4399832
6088500
6142052
6254978
6270671
6315730
6336746
6349681
6350298
6351913
6358224
6360212
6375729
6376490
6384188
6411705
6441590
6776124
6780553
6802827
6994799
6995107
7005211
7011370
7016035
7018568
7021546
7028091
7033218
7473713
7473715
7477400
7478987
7486683
7488247
7498791
7499212
7499293
7499845
7502048
7510217
7513045
7525601
7526154
7527811
7528205
7528941
7531639
7531994
7535773
7536035
7538672
7538907
7538908
7539137
7539334
7539796
7542616
7543898
7545673
7545910
7556078
7559482
7559507
7559750
7565673
7565690
7565724
7565726
7565735
7565781
7566124
7568080
7568218
7569974
7579693
7588731
7589433
7589456
7592346
7592682
7592711
7592797
7592830
7592843
7592883
7593161
7594592
7596430
7597030
7597098
7602590
7603976
7608180
7613866
7616616
7617032
7621831
7622448
7622450
7622506
7622566
7623377
7623818
7624345
7624781
7625279
7628448
7629121
7630397
7635307
7638224
7642611
7642713
7644468
7644510
7644522
7645344
7649470
7651402
7651520
7652556
7656009
7658473
7662485
7662672
7663943
7664064
7664335
7665601
7667094
7667268
7669762
7673113
7673243
7673245
7680645
7680771
7681362
7683059
7685215
7688296
770170
7703225
7705659
7706250
7711027
7715729
7719850
7719856
7720710
7721729
7721786
7724524
7724528
7726836
7729427
7730326
7732022
7736577
7736590
7738033
7739537
7739564
7744001
7744247
7744736
7744737
7744812
7744964
7744969
7752238
7759493
7760808
7760834
7760852
7761832
7768894
7768895
7768937
7779798
7782277
7782346
7784054
7784094
7789757
7790364
7790376
7791754
7791755
7791784
7791785
7791788
7791872
7791904
7796808
7797524
7799925
7801130
7809127
7809159
7809597
7813428
7815490
7816143
7822288
7823940
7823964
7824954
7828598
7828851
7829531
7831290
7834747
7836422
7836442
7844141
7844150
7844152
7851759
7854423
7862114
7862117
7862526
7866749
7867066
7867933
7868247
7870180
7874199
7876093
7876167
7876310
7877691
7877695
7878020
7883168
7885340
7885479
7889570
7890635
7890691
7890768
7896787
7902576
7908441
7910967
7911228
7913207
7915138
7915282
7915927
7918430
7922031
7923363
7925276
7925277
7926727
7926748
7926772
7929081
7929182
7931156
7935368
7935765
7935790
7935795
7935837
7937747
7939631
7939681
7939721
7954478
7954793
7954804
7956946
7957049
7957082
7957107
7958876
7958893
7958901
7958917
7961662
7961947
7961989
7962001
7962098
7964482
7969164
7972023
7973649
7973658
7982906
7982920
7984244
7989299
7990964
7995523
7995524
7996137
7997270
8001121
8001136
8006584
8016121
8017102
8027040
8034743
8039506
8041735
8043575
8043579
8045927
8051109
8051705
8052630
8052657
8062390
8066446
8066461
8066465
8069634
8069916
8076595
8077196
8081752
8083216
8088337
8089152
8104845
8106460
8106498
8106500
8106549
8114095
8114727
8114728
8119416
8120391
8123703
8125992
8127709
8128231
8132508
8137421
8139685
8139691
8142361
8144572
8144619
8144675
8145819
8157639
8164677
8166717
8168496
8170939
8170944
8170998
8171014
8171323
8175697
8176727
8176748
8178153
8178155
8183347
8183945
8187772
8194532
8195141
8195172
8196602
8197174
8202368
8203905
8206824
8211112
8211114
8218187
821948
8223424
8226774
8226895
8227000
8232559
8234301
8234320
8240271
8241173
8242750
8242751
8246931
8247001
8247006
8253836
8255752
826536
8266081
8269057
8269516
8270631
8278363
8289785
8289829
8293810
8294515
8308017
8314085
8327460
8327494
8327501
8330742
8334302
8335689
8336705
8336723
8339934
8340349
8344494
8344918
8345529
8360477
8361362
8367479
8370524
8380462
8383120
8384581
8386630
8386828
8386884
8387891
8387919
8393934
8395009
8399388
8402888
8405064
8405995
8407894
8408024
8409434
8411172
8413665
8414517
8416957
8417317
8421056
8421781
8422985
8428586
8430315
8433368
8434007
8434021
8438581
8443157
8445637
8449884
8455600
8464492
8464899
8474449
8478942
8479754
8491186
8491197
8493578
8494892
8501036
8505304
8505305
8505328
8508768
8508778
8516283
8516295
8516313
8522580
8524217
8524277
8524284
8524293
8524402
8530354
8530384
8536716
8538787
8548458
8550564
8552082
8557641
8557654
8558064
8565072
8565075
8568233
8575446
8576158
8576202
8576246
8576247
8576252
8577746
8589999
8590000
8591028
8591049
8594204
8596433
8596629
8598053
8598198
8598903
8598927
8598932
8599092
8599116
8599944
8600025
8600029
8600522
8601282
8601310
8602515
8604139
8606778
8609467
8612133
8612709
8612778
8614470
8617241
8617808
8621381
8621424
8621427
8621492
8621497
8621533
8621575
8621695
8621715
8622770
8622870
8622893
8624812
8626325
8626613
8627325
8628258
8628268
8628275
8628318
8628320
8629014
8631671
8631720
8631822
8631887
8632981
8633054
8633237
8636150
8638121
8641278
8641285
8642594
8643593
8643607
8645696
8647433
8648650
8649366
8649369
8649372
8649382
8649403
8649415
8649430
8652557
8652568
8654588
8657117
8657159
8658143
8661404
8662595
8662691
8662725
8662910
8662939
8663004
8663044
8663070
8663102
8663118
8663262
8663296
8663349
8663401
8663535
8665859
8666671
8666672
8668125
8668140
8668146
8668180
8668184
8668206
8668348
8668533
8670791
8670864
8670895
8675011
8676437
8676499
8679677
8679714
8681382
8682299
8682855
8684460
8700856
8700872
8700886
8702501
8702565
8702615
8702666
8702683
8702708
8702737
8702798
8702872
8702914
8702920
8702973
8703009
8703070
8706131
8707818
8710860
8722010
8725220
8736558
8738158
8743889
8744951
8749394
8752211
8754798
8754808
8754819
8754839
8754840
8755520
8755910
8756348
8756642
8756666
8756677
8756702
8756727
8757399
8764393
8776728
8776884
8779721
8790357
8791410
8793874
8797836
8798570
8798722
8799122
8805366
8805537
8805549
8805587
8808622
8809768
8816462
8816472
8816473
8816500
8816798
8820640
8822197
8824290
8828811
8830688
8831789
8836102
8846021
8846785
8846786
8848052
8849456
8858145
8858149
8858151
8858166
8861913
8868485
8872303
8872471
8875926
8875929
8876196
8885406
8887672
8887689
8889807
8890153
8890162
8895367
8895471
8895579
8895587
8895657
8895658
8896453
8898359
8900179
8906788
8906794
8906795
8910398
8910457
8910467
8910553
8910586
8915609
8917507
8917517
8918885
8918891
8921390
8923468
8925917
8930895
8930902
8932376
8939754
8939862
8940087
8940098
8943027
8943050
8943299
8943317
8943325
8943332
8943361
8947028
8947567
8950973
8955054
8955118
8955296
8955331
8955346
8955414
8955415
8960361
8962055
8962075
8962109
8969169
8969173
8969176
8969184
8969185
8969217
8970155
8971705
8972187
8972212
8972232
8972858
8972867
8976183
8976200
8978688
8980234
8980235
8995429
8995632
8999038
8999548
8999959
9000052
9001208
9001217
9001405
9002522
9003779
9003780
9003792
9005851
9008158
9008707
9009191
9009195
9010208
9012827
9013879
9019411
9020361
9023108
9024694
9027312
9028955
9030553
9030560
9030600
9032237
9032238
9032243
9032248
9032256
9032286
9033409
9033586
9033594
9034338
9037183
9037716
9038141
9038164
9042864
9043710
9045663
9045683
9045692
9046081
9047358
9048947
9050988
9054408
9062193
9062194
9063449
9063865
9064301
9065400
9065406
9067571
9076728
9079809
9082982
9083066
9083111
9087429
9094309
9094717
9103202
9103205
9108480
9109493
9111009
9111019
9111035
9111041
9111079
9111347
9114012
9115216
9115283
9117348
9118955
9121424
9121458
9121462
9121474
9121766
9122169
9122217
9125539
9126353
9129204
9130700
9139681
9143339
9144171
9144199
9144278
9150136
9150137
9150140
9150216
9151683
9151955
9153236
9153314
9153399
9154807
9154821
9154823
9154825
9154831
9154842
9155010
9157884
9159132
9159523
9160881
9160889
9162059
9163511
9168117
9168119
9169439
9169457
9169459
9169480
9171336
9171366
9171381
9174345
9177170
9178755
9178909
9180081
9180258
9182759
9184135
9184158
9184220
9187653
9187659
9188467
9190214
9192620
9194558
9194565
9194697
9195885
9195914
9195930
9195948
9195974
9195980
9196079
9199165
9199166
9199167
9199284
9199303
9199306
9199309
9199353
9200440
9200603
9201710
9201714
9201718
9201719
9201720
9201974
9201989
9204893
9204896
9204897
9204908
9204927
9207005
9207091
9207118
9207794
9209064
9210376
9210395
9211848
9211854
9211859
9211894
9211927
9211930
9214382
9214386
9214615
9214619
9214641
9215628
9215632
9217257
9218456
9218467
9218799
9219527
9219684
9219685
9219695
9219697
9220013
9224719
9228058
9234686
9234705
9234711
9234741
9235928
9235958
9236772
9236779
9238003
9242378
9242643
9243499
9243510
9243513
9244297
9247651
9250404
9250663
9250691
9252374
9252377
9253198
9253415
9256432
9261073
9261098
9261125
9261146
9261168
9262406
9266716
9268290
9271204
9271227
9271384
9271392
9271406
9271422
9275160
9278054
9278422
9278511
9285585
9286666
9287012
9287300
9287349
9294424
9303299
9303313
9305860
9305916
9309223
9311911
9311989
9312000
9312008
9312010
9312022
9312047
9312054
9312059
9312096
9312147
9312157
9314530
9315644
9315655
9315661
9315670
9321403
9324263
9324938
9325095
9325247
9325248
9325300
9325318
9334213
9334229
9334303
9334319
9334377
9335268
9335334
9335585
9335587
9335591
9336350
9341106
9341227
9342325
9343398
9343403
9345280
9346238
9346239
9346309
9346482
9348530
9351821
9353258
9353267
9353297
9354395
9362070
9362071
9362454
9362495
9364920
9367539
9367879
9367979
9367980
9368006
9368653
9368759
9371806
9371812
9372919
9372932
9372940
9372955
9374523
9374535
9374547
9378729
9380672
9382840
9384562
9384578
9385653
9387
9388199
9388200
9388212
9390554
9390555
9390558
9391130
9393435
9393690
9393860
9395481
9395483
9395514
9395535
9398257
9398513
9398522
9398683
9398684
9405042
9405463
9405607
9406544
9407024
9407025
9407029
9407036
9409762
9409826
9412460
9412461
9412462
9412475
9417082
9417641
9418852
9418865
9418866
9418908
9420330
9421503
9422741
9425153
9425154
9426216
9427624
9427626
9427746
9428766
9428768
9430585
9430634
9430641
9430642
9430711
9430724
9434768
9435229
9435788
9436903
9436978
9436989
9437423
9437425
9438387
9442111
9442897
9443897
9444950
9447997
9450761
9450930
9450961
9450989
9461436
9461437
9461539
9461595
9462508
9463374
9463387
9463388
9463416
9464260
9466914
9467949
9468139
9468140
9468473
9469461
9469814
9469815
9472015
9472020
9482715
9482735
9482750
9482871
9482880
9484840
9485448
9486651
9488458
9488461
9488488
9488676
9490029
9490409
9490418
9490720
9491072
9495346
9498755
9499404
9501253
9501520
9504907
9504914
9506965
9507024
9511744
9512514
9514722
9515927
9520439
9528782
9528791
9529248
9529249
9529377
9529520
9531482
9531531
9531549
9533885
9535835
9535929
9537587
9545233
9545247
9545323
9546221
9546397
9553055
9554851
9556609
9560209
9562556
9562559
9564032
9565586
9565594
9566889
9566913
9571026
9571038
9571155
9571251
9573141
9573169
9575205
9580190
9582097
9582376
9584160
9591785
9600853
9601038
9603918
9605406
9606209
9611195
9613578
9614061
9614129
9618459
9618478
9620853
9625760
9628343
9628481
9628733
9628892
9632735
9632750
9632755
9632758
9632790
9632800
9632824
9634702
9635435
9636146
9636149
9636153
9636166
9636180
9642286
9649430
9649520
9651585
9651685
9653038
9653180
9655342
9657673
9657725
9658167
9658168
9659904
9660793
9660829
9660861
9660937
9660972
9662041
9670012
9670023
9670025
9670033
9670034
9671455
9671457
9671501
9674429
9677405
9679135
9679143
9680481
9685263
9685490
9687537
9688555
9689053
9691031
9693376
9694884
9694899
9698363
9698567
9700157
9700160
9700161
9701827
9702192
9702200
9707439
9708738
9710584
9710597
9710603
9710615
9710632
9712843
9712845
9716410
9724632
9724636
9724655
9724731
9725262
9725898
9725899
9725910
9729040
9732274
9733647
9734355
9736700
9736720
9739048
9742096
9742103
9742111
9742127
9742218
9742397
9744791
9744870
9744887
9751050
9751716
9753545
9755168
9755175
9755181
9755865
9756868
9756893
9759731
9768757
9770499
9774108
9774408
9774417
9774458
9774644
9774653
9774660
9774971
9781695
9786864
9786949
9788437
9790597
9791119
9792097
9792686
9792694
9792709
9792727
9792841
9799240
9799242
9799249
9799508
9799632
9802897
9806896
9811664
9811893
9813048
9813092
9813093
9813094
9813095
9817759
9817843
9819356
9819421
9819422
9819425
9822386
9822591
9822593
9822594
9822614
9822678
9824158
9826507
9826594
9826691
9826763
9831566
9832501
9843423
9843488
9843512
9843683
9846874
9852079
9852089
9852103
9852143
9853758
9857023
9857050
9857197
9858558
9858581
9860978
9864357
9864360
9865945
9867807
9874253
9875850
9878064
9878065
9878355
9878422
9880327
9880500
9885248
9885573
9888818
9889152
9889188
9891048
9891052
9891088
9892618
9893937
9917402
9920829
9920921
9922232
9925642
9927421
9928933
9930997
9931424
9931460
9933164
9933353
9950677
9988274
9990316
9990856
