10022867
10022899
10022925
10024243
10024662
10024884
10028183
10028186
10028187
10029993
10029994
10029995
10037727
10049923
10051608
10066793
10069808
10074137
10075922
10077188
10082531
10085073
10090725
10091609
10092627
10094305
10094313
10094636
10095102
10096091
10097122
10102370
10189365
10196216
10198029
10198056
10198630
10206977
10207056
10207057
10207058
10207101
10209025
10218484
10219245
10219995
10220001
10220002
10224048
10229668
10230397
10231381
10231390
10233148
10233150
10234786
10319861
10322008
10329480
10329685
10330135
10330397
10341423
10341424
10352014
10361278
10361284
10366589
10366591
10373489
10375630
10375636
10377407
10377429
10383379
10385629
10388810
10390371
10395901
10397762
10398844
10406794
10407263
10407265
10407271
10407272
10407273
10407274
10407277
10407278
10409709
10409741
10411916
10412984
10428817
10428970
10430932
10436016
10438536
10438744
10445024
10445879
10445880
10449404
10454593
10455233
10455234
10464190
10465789
10465791
10468587
10469659
10471697
10471698
10482536
10487928
10487930
10487931
10488093
10490599
10490601
10497163
10501935
10506223
10508157
10508172
10509023
10512884
10514491
10514566
10514570
10515935
10519552
10521393
10521401
10523674
10525840
10531351
10535978
10545125
10545447
10546901
10547367
10547371
10555144
10556316
10556507
10562277
10567405
10567530
10567545
10567550
10572257
10572263
10572264
10572265
10587649
10588647
10588657
10588711
10588895
10588896
10591633
10593933
10597305
10600168
10601260
10606743
10611222
10611226
10611227
10611239
10617610
10617624
10628851
10628971
10637226
10637294
10637301
10639339
10648604
10648622
10648625
10649453
10649455
10649456
10652355
10655212
10660069
10660074
10662670
10669874
10671482
10671491
10672016
10673505
10679017
10679021
10681519
10681558
10681587
10683435
10688642
10688653
10689193
10702224
10702247
10704371
10704439
10712513
10713067
10713161
10713169
10716935
10720331
10734186
10735854
10743563
10744769
10745074
10747032
10747051
10747053
10747086
10747088
10749860
10749875
10749930
10751405
10753972
10757808
10760132
10760477
10760578
10761928
10762242
10766779
10767562
10773443
10777514
10778743
10779349
10781559
10783164
10787406
10790377
10790691
10790693
10793139
10799479
10802175
10803883
10805735
10805743
10805747
10806424
10821189
10821871
10824121
10827169
10827188
10830167
10834843
10835350
10837477
10844656
10849420
10852885
10858443
10864925
10870099
10871363
10874035
10879467
10880966
10882073
10888670
10888680
10893257
10894548
10896665
10899128
10900202
10900271
10903515
10905355
10911987
10913179
10921902
10922463
10924455
10924457
10924459
10926539
10929718
10930462
10931277
10938079
1093935
10947841
10953080
10954428
10959846
10967139
10970846
10972812
1097406
10974101
10981687
10982821
10995434
10995454
10998178
11000115
11003641
11003661
11003673
1100397
1101032
11018040
11021944
11024162
11027267
11027292
11027318
11029042
11030620
11035815
11038174
11038366
1104590
1105150
11051561
11053386
11054824
11054825
11056220
11058089
11060018
11062262
11063737
11069890
11070083
1107031
11076031
11082046
11082192
11085977
11086007
11090616
11094287
11095720
11096087
11097841
11100732
11101517
11101534
11101685
11102525
11105756
11113186
11113969
11113970
11114178
11114193
11116155
11119723
11120744
11134057
11134339
11139488
11139490
11139493
11142374
11149920
11154269
11154280
11154694
11156604
11156974
11156979
11157979
11158289
11158301
11158312
11158346
11160377
11169758
11171066
11172717
11175785
11179222
11179441
11180453
11208019
11221662
11222764
11223131
11223942
11230135
11230140
11238398
11238399
11239397
11239471
11248031
11251082
11251115
11254124
11259593
11266451
11273703
11274415
11278769
11285273
11287609
11287668
11290701
11290704
11290706
11290710
11290711
11292860
11295494
11296232
11302822
11306085
11309124
11309418
11313466
11329380
11330068
11333225
11340166
11341309
11342098
11344168
11352936
11353088
11359929
11370741
11378903
11382752
11382760
11382761
11389843
11404323
11408481
11410349
11420140
11425851
11425876
11430817
11438647
11438659
11438663
11442631
11445562
11447599
11452010
11452019
11454743
11459833
11459965
11466296
11470244
11470404
11470514
11470516
11477098
11481671
11486014
11486042
11489893
11493604
11500378
11514624
11522833
11523784
11525399
11532180
11536335
11536337
11549622
11560931
11561287
11562373
11565753
11566100
11566994
11574480
11574687
11577101
11580836
11585367
11585915
11589696
11595741
11598201
11598205
11598210
11604509
11606525
11606770
11641273
11668184
11673090
11673470
11675007
11682615
11689437
11691832
11693915
11694599
11703943
11706015
11707261
11707419
11708797
11709183
11713271
11714283
11720284
11733049
11733065
11733544
11734641
11739783
11740563
11742541
11742972
11742975
11744041
11746600
11747308
11747810
11750808
11751830
11751875
11752412
11754485
11756468
11756556
11756557
11779788
11779790
11780787
11784867
11786267
11788607
11788967
11791712
11792713
11801737
11805047
11805328
11807498
11807558
11810260
11813000
11816028
11816031
11816034
11830665
11839791
11842813
11852075
11853673
11854411
11861546
11861771
11867542
11870853
11872485
11884397
11901211
11906193
11907266
11910110
11916983
11918814
11921089
11922108
11922628
11923536
11929546
11929974
11929995
11934891
11940665
11940675
11943786
11947306
11950935
11952896
11956213
11967829
11971960
11972772
11973290
11973298
11973299
11983181
11994165
12006565
12006647
12006663
12015967
12016207
12016210
12019217
12024027
12039888
12044885
12048214
12051917
12054531
12058014
12058050
12062417
12068309
12077145
12077337
12079494
12084723
12088152
12089449
12093374
12093911
12096123
12107183
12110182
12111094
12112232
12118069
12134085
12134146
12135984
12138185
12140549
12145211
12147266
12149442
12150916
12154123
12171940
12181332
12183363
12185498
12186635
12186856
12189173
12198133
12198175
12206772
12221112
12228251
12237303
12242224
12242280
12242285
12242498
12244127
12358428
12361950
12364597
12374750
12381727
12384598
12391147
12391334
12392552
12395202
12399376
12408816
12410842
12411483
12411502
12417748
12419230
12421302
12429747
12432101
12446563
12446664
12446688
12453154
1245460
12455695
12455697
12455698
12455995
12456008
12456659
12464633
12473689
12477387
12477731
12479808
12482937
12482963
12482976
12489121
12489128
12490156
12499354
12499386
12501331
12504007
12506122
12509445
12511561
12514069
12515383
12524332
12524336
12524521
12529393
12529422
12535075
12535539
12538638
12543677
12547394
12549912
12553664
12554655
12554883
12556493
12556496
12562762
12569108
12574118
12583915
12586694
12586695
12586697
12588993
12589024
12589047
12589065
12589071
12598903
12606027
12609981
12615067
12618393
12620189
12631737
12646576
12654728
12656987
12663529
12665530
12665575
12665596
12676951
12682021
12684380
12684875
12684876
12686590
12686613
12686616
12694201
12695846
12697831
12700234
12702244
12702675
12702877
12704202
12709439
12711700
12714589
12717442
12721307
12724381
12727869
12734398
12734403
12734673
12736260
12736301
12740435
12743032
12746440
12753194
12754197
12756531
12756538
12760057
12768207
12773564
12773812
12782659
12783868
1279374
12794934
12795693
12796288
1279682
12799450
12808030
12808144
12808289
12810910
1281518
12816519
12829295
12832483
12837249
12839777
12840001
12840010
12842877
12853640
12857861
12865298
12868057
12868959
12869188
12869194
12869630
12871902
12875842
12878605
12881429
12882345
12890866
12898714
12900393
12910389
12912920
12912927
12912987
12915400
12923174
12923659
12933796
12940990
12951240
12954640
12957907
12960429
12965207
12972550
12972564
12972615
12973301
1297344
1313948
1315757
1318786
1324172
1325384
1326413
1327299
1327956
1328471
1331057
1333231
1333609
1334021
1334559
1340463
1356111
1377774
1379722
1379856
1385442
1386023
1387566
1387626
13887540
1396562
1396591
13977171
1398071
1400427
1400451
1406624
1406632
1406650
1406691
1406694
1409638
1409716
14124940
14190241
14201165
1421579
1423590
1427091
1437546
1441743
1441749
1441751
1447211
1448098
1448105
14504216
14504268
14504273
14506263
14517234
14517307
14517321
1452031
14528019
1454790
14561887
14565975
14570591
14570877
14570913
14573467
14574112
14581449
14582193
14586471
14592466
14593109
14594803
14597664
14605211
14608371
14608372
14609944
14612412
14614820
14615539
14617816
14618376
14622256
14622413
14625296
14636562
14636587
14638855
1464311
1465105
14657028
14657499
14660799
14661025
14665455
14668360
14668363
14673157
14676317
14681227
14685243
14685274
1468625
1469052
14699090
14702040
14702403
14704161
14718542
14718668
14723849
14730319
1473150
14734026
14734532
14734650
14739993
14741370
14741713
14742425
14742720
14748081
1475194
14755636
14759368
14761951
14761979
14764870
14767070
14802990
14872283
1493335
14963816
14966276
14968429
14970192
14970230
14977919
14978214
14981507
14988731
14990574
14992724
14993228
15004240
15010319
15013450
15016820
15016821
15020461
15022016
15023545
15024029
15028727
15044957
15056729
15060153
15060275
15066280
15066780
15067005
15075275
15075373
15077113
15077114
15078868
15078877
1508149
1508175
1508210
15082786
15090613
15102831
15103325
15104597
15107621
15111392
15117954
1511876
15121841
15125685
15126388
15126631
15130665
15135727
15138253
15141027
15141092
15141306
15143185
1514326
15145828
15153117
15155809
15161972
15163411
15164360
15165243
15166139
15169871
15169880
15173006
15173322
15173578
15184655
15189990
15190065
15192110
15194704
15199162
15205677
15215105
15215118
15215245
15218029
15220919
15221522
15225544
15226378
15226422
15228544
15229224
15239834
15239954
15242642
15247238
15252028
15254264
15254266
15254272
15256563
15257413
1525853
15262977
1526970
15270698
15273086
15280549
15282323
15294903
15299026
15300680
15303280
15314160
15319434
1532231
15326197
1532796
15334557
15340070
15351639
15356263
15367655
15371354
15371366
15372071
1537345
1537841
15381687
1538690
15388447
1541391
1544898
15450187
15450190
15452146
15455074
15456898
1546313
15467473
15469827
15470095
15470097
15470099
15470107
15470109
15470112
1547497
15475388
15479738
15485833
15485855
15485911
15489286
15489292
1549132
15494390
15498024
1550957
15509579
15509654
15514051
15515129
1551905
15520001
15520229
15520468
15531585
15536088
15539461
15542840
15543521
15546625
15561716
15565172
15572352
15572408
15572698
15574419
15574876
15579677
15581633
15583030
15583134
15584090
15585575
15590673
15590821
15590823
15590835
15590836
15591131
15596717
15598532
15601866
15606766
15607975
15610534
15610744
15611063
15611164
15611868
15612920
15616569
15618217
15620355
15620357
15623507
15629464
15631992
15632076
15632126
15632184
15632429
15634212
1563492
15635088
15637049
15637075
15641941
15642367
15642746
15643056
15643069
15645478
15649438
15654096
15657035
15659643
15659672
15660135
15664187
15665496
15670595
15684030
15686447
15689497
15691741
15692048
15692559
15692566
15701639
15708361
15713625
15713626
15715908
15716499
15723835
15725626
1572893
15738391
15741172
15743910
15769876
15772160
1577709
15788396
15789351
15793567
15794922
15795314
15796894
15797382
15798181
15798214
1580100
15802517
15806102
15809876
15813705
15817474
1581960
15819623
15820214
15824100
15833918
1583694
15837426
15837808
15840725
15848158
15866881
15878693
15878866
15879520
15879522
15882446
15883373
15885099
15886332
15889139
15901835
15907326
15911569
15916616
15922657
15923376
15923379
15925308
15930122
15932646
15932941
15933721
15935758
15935759
15936280
15937126
15942868
15944150
15944156
15947194
15947196
15947202
15948967
15949446
15951820
15958487
15958490
15961405
15962000
15964793
15964804
15964808
15964809
15965243
15965467
15967791
1597181
15972461
15975925
15987790
15988528
15989955
15992543
15992824
15994967
15998715
16000377
16002643
16005430
1600939
1601875
16023114
16024655
16024809
16027161
16027220
16027361
1603056
16034811
16061773
16077008
16079147
16079223
16079231
16081422
16087409
16087740
16087741
16087742
16087743
16100110
16105940
16107558
16107694
16107716
16112818
16116083
16118187
16118201
16135527
16135531
16135808
16137625
16138904
16141196
16141212
16143306
16143464
16143598
16147988
16149917
16151133
16155007
16156791
16157669
16157879
16159874
16162818
16166626
16170310
16170412
16172116
16172405
1617300
16176797
16181637
16182251
16184761
16186255
16188229
16199065
16202999
16204215
16207811
16209942
16219769
16219777
16219787
16221686
16221887
16223494
16227198
16227572
16230336
16230344
16232921
16233300
16233323
16233438
16233801
16234241
16234568
16239145
16240455
16240460
16246728
16251189
16251346
16251355
16251356
16260594
16260602
16263706
1626433
16267052
16267274
16267277
16269340
16269718
16272705
16275642
16275785
16278447
16278450
16278452
16278456
16278936
16285741
16286008
16286010
16287855
1628825
1628831
16289106
16289536
16291862
16292667
16292676
16293764
16301316
16301533
16301538
16307926
16314323
16314430
16314500
16316315
16321977
16328372
16328626
16330752
16333747
16336970
16337230
16337661
16337885
16339141
16339724
16341089
16356475
16357217
16357219
16358299
16360682
16361226
16361228
16361250
16361252
16362288
16364307
16365163
16368709
16373354
16373491
16380504
16382144
1638630
16390459
16391921
16394584
16402204
16407254
16407318
16407331
16410768
1641326
16413483
16415340
16415341
16415356
16415861
16418483
16420350
16421250
16423076
16427015
16429164
16436507
16436509
16436512
16436714
16441666
16443750
16449634
16449635
16449648
16449659
16455487
16456538
1646126
16463173
1646387
16467382
16467471
16467474
16467477
16469703
16476776
1648084
1648478
16487343
16487344
16491467
16491469
16492773
1649384
16495338
16496001
16497670
16498409
16505166
16505373
16510442
16510898
1651172
1651503
16524906
16524911
16527275
16531611
16536744
16537895
16549685
16551625
16552446
1655273
16553841
16556980
1656238
16565073
16567426
1657998
16581774
16581791
16581797
16582425
16582437
16582910
1658784
16597436
16597698
16597929
16598687
16598690
16600900
16607019
16607517
16608846
1660885
16608876
16611742
16615892
16615893
16615894
16617146
16618799
16618965
16619031
16624818
16630279
16630280
16648468
16648479
16648643
16651379
16651657
16652390
16672275
16678774
16680092
16684773
16687571
16689936
16691319
16702403
16705154
16710831
16710843
16716188
16717099
16717427
16729036
16729061
16732272
16735578
16738305
16738408
16740482
16751107
16751265
16751508
16751523
16751660
16754953
16760462
16760475
16760478
16762320
16764994
16769724
16769822
16769905
16777356
16777600
16782870
16782871
16782880
16783014
16783364
16784770
16787937
16790491
16790493
16790494
16790496
16793545
16793550
16794315
16803892
16806052
16806072
16814718
16816949
16818716
16820484
16822836
1682800
16831867
16835445
16835452
16839886
16840526
16845689
16847337
16850348
16854988
16855025
16855026
16855400
16857015
16857590
16861225
16861226
16863931
1687097
16871394
16874032
16874038
16874049
16874103
16874308
16876790
16879426
16879429
16882719
16885415
16885417
16888627
16896207
16899506
16911514
16912276
16914749
16916794
16921548
16923078
16923827
16926193
16934835
16936141
16940175
16943325
16945917
16949354
16954224
16956377
16956380
16957051
16962064
16963086
16963638
16964259
16964260
16966380
16968695
16968746
16973432
16973437
16973600
16977310
16980392
16980405
16980427
16980434
16987808
16989656
16997324
16999827
17002782
17003107
17005563
17005568
17005718
17012830
17015443
17018299
17018574
17020589
17021250
17021251
17028178
17028344
17030980
17031058
1703236
17041589
17042752
17043127
17053779
1705713
17057230
17064667
17077964
17078097
17079729
17082746
17082762
17088254
17090539
17093137
17094803
17095607
17097644
17101773
17101777
17101780
1710619
17107617
17107946
17108329
17110466
17110477
17110482
17110954
17116574
17121813
17122856
17124610
17129213
17130284
17135288
17135290
17135291
17141224
17142459
17142567
1714453
17146497
1715023
1715094
17151231
17151357
17156010
17156120
17158736
17158743
17158920
17160893
17164236
17166847
17167415
17171376
17172436
17173038
17173039
17173052
17173333
17174052
17176053
17176259
17178718
17178891
17178909
17179083
17179087
17179095
17179178
17182855
17186026
17187761
17189486
17189489
17190603
17190789
17192262
17192414
17194786
17194787
17200108
17203076
17204400
17205207
17210948
17218313
17220303
17220467
17224143
17229886
17229992
17233763
17233767
17234635
17234788
17237519
17242156
17242201
17242366
17244531
17245108
17247984
17248617
17248619
17248715
17251549
17253982
17261844
17272295
17272721
17277207
17283062
17286805
17289568
1729597
17296727
17296737
17298444
17298473
17302808
17302941
1730643
17314395
17314407
17315267
17315268
17320816
17322208
17323081
17324933
17336303
17339339
17339375
17341836
17344218
17344475
17347440
17349928
1735446
17360454
17362880
17362938
17367514
17369365
17374725
1737784
17387467
17388687
17389357
17392273
17395615
17396017
17397109
1739968
17400406
17403781
17403898
17403903
17404498
1740455
17406666
17408619
17409072
17410204
17410207
1741255
17412959
17425670
17428789
17429077
17429078
17430883
17431397
17434123
17434487
1743508
17435220
17435223
17438278
17438333
1744053
17442718
17443350
17449140
1745225
17452317
17452364
17459880
17462593
17463005
17466624
17469871
17475775
17482543
17492370
17497241
17499717
17506111
17507656
17515604
17515605
17517611
1752413
1752435
17531808
17541948
17542652
17543551
17544521
17545469
17548816
17553522
17553796
17562861
17565370
17568771
17569568
17569673
17571075
17574026
17575910
17576801
17576814
17581861
17586499
17586685
17587229
17588515
17588950
17592039
17596521
17602897
17603109
17606896
17615295
17615300
17618651
17620418
17622795
17624540
17630978
17632063
17636014
17636021
17636027
17636031
17636314
17639399
17640275
17644632
17645731
17652132
17660569
17662057
17673172
1767590
17681272
17681937
17693258
17693598
17696614
17696968
17697349
17698580
17698581
17699516
17699591
17700056
17702459
17704055
17704127
17706197
17707236
17709386
17710147
17710403
17717527
17720810
17720812
17720931
17721079
17724061
17724083
17724120
17726056
17766253
17785441
17785443
1779770
17803923
17804645
17804816
17822411
17848550
17853895
17855363
17872921
17873082
17874115
17880915
17881357
17881724
17881727
17882259
17882260
17888002
17889672
1789009
17890650
17890783
17890903
17893149
17893242
17895367
17897954
17898076
17899088
17901048
17904100
17909815
17911101
17914457
17914748
17918780
17922641
17923091
17923092
17923397
17923678
17923688
17926032
17928861
17932050
17936191
17937657
17937914
17938264
17947402
17949685
17951556
17951629
17952059
17954556
17954604
17954914
17954932
17955190
17956976
17960421
17963515
17963691
17964830
17965250
17965252
17967947
17971454
17974558
17974559
17974565
17976194
17978093
17981122
17981141
17983848
17984322
17986087
17986252
17989249
17989363
17995956
17996101
17998537
18001350
18007593
18022365
18026214
18030745
18032584
18032921
18033801
18034159
18036332
1803818
18039654
18039853
18039934
18042043
18042458
18045534
18048916
18056469
18056993
18060784
18069899
18070918
18070921
18073433
18077551
18081426
18081742
18082610
18085829
18086556
18086665
18086883
18086897
18089576
18093937
18156177
18156287
18156292
18160037
18160399
18160718
18166650
18172024
18172025
18174173
18177206
18178563
18179596
18180296
18182159
18184748
18186026
18187149
18187511
18194531
18194651
18199283
18199684
1820212
18202368
18202552
18205391
18205807
18206664
18206966
18206968
18206975
18211810
18211918
18212047
18212113
18216280
18216282
18224659
18234677
18234838
18245359
18245822
18249574
18250201
18252710
18252723
18256246
1825809
18258590
18258809
1825988
18260085
18261907
18268104
1826907
18270585
18271751
18273813
18278055
18278057
18278564
18279395
18281282
18281714
18286174
18287539
18297071
18298044
18302314
18302315
18310357
18312373
18314501
18319072
1832157
18321796
18321989
18323774
18327588
18328502
18332120
18332121
18334620
18337697
18340043
18343812
18344340
18344988
18353967
18355271
18357452
18366703
18375619
18375978
18378800
18381895
18388202
18391444
18393942
18394190
18397879
18400944
18400945
1840633
18406344
18408053
18411302
18417610
18417612
18423200
18427809
18433446
18437200
18439143
18439903
18442968
18443040
18443110
18445678
18455128
18456835
18456844
18458063
18458075
18458076
18462383
18463149
18463798
18463984
18466297
18466927
18471978
18474625
18482875
1848649
18486603
18487345
18489705
18493058
18493083
1849457
1849458
18496816
1849857
18498758
18500339
18500447
18503002
18503006
1850417
18508925
18510555
18514590
18515193
18516048
1851947
18524920
18533003
18540090
18541668
18542964
18552191
18552279
18552285
18557947
18559484
18559667
18562474
18562646
18562668
18562670
18562671
18568365
18573877
18577574
18577595
18584028
18585101
18586032
18591258
18592490
18597084
18612078
18612650
18613038
18613947
18614048
18614049
18614533
18615017
18616605
18616809
18617996
18617998
18622389
18622397
18622616
18622617
18625006
18625027
18625723
18625724
18627462
18628399
18628907
18629174
18634833
18635803
18636253
18653893
18653894
18656474
18657191
18657261
18660534
18660802
18662540
18667437
18667528
18667535
18667581
18675371
18676807
18677117
18678648
18680912
18682385
18687406
18689527
18690010
18693752
1869554
1869587
18698411
18701704
18701705
18701706
18704118
18708579
18708580
1871118
18716881
18717590
18724935
18724936
18726008
18751732
18753131
18753406
18754794
18755837
18756268
18757807
18757815
18757937
18759743
18762578
18768136
18769150
18772193
18772226
18775325
18775984
18779316
18780730
1878995
1878996
18791196
18791237
18794364
18794370
18794371
18799610
18799613
18804161
18805091
18805955
18806212
18806213
18809618
18809726
18811659
18812321
18817898
18818741
18818742
18824477
18829863
18832066
18832321
18832381
18833189
18833194
18838542
18840651
18843040
18843051
18845541
18845545
18845844
1885001
18851837
1887218
18923140
18936161
18940861
18946082
18946088
18946089
18950642
18957409
18957510
18971324
18971375
18975972
18976803
18977757
18978339
18983998
18984568
18997772
19001125
19001291
1900238
19004802
19004804
19005567
19013280
19015277
19017642
1901944
19019989
19021767
19022396
19023403
19026778
19026788
19029250
19029808
19030232
19033152
19034519
19037098
19037108
19037259
1903839
1903841
19043571
19047157
19049972
19054128
19055778
19056681
19056732
19057509
19057669
19060182
19060886
19060898
19061187
19061191
19061401
19061648
19064668
19064671
19064926
19066445
19067246
19067491
19068484
19073600
19074198
19075114
19081065
1908457
19087208
19095653
19099397
1910150
19109423
19111628
19114459
19116312
19118449
19118519
19120030
19124653
19127978
19129231
19129474
19129493
19137548
19138101
19138656
19139260
19139279
19144191
19145231
19150427
19150991
19151091
19151132
19155291
19158081
19158380
19158382
19158388
19160455
19160456
19160490
19165343
19166312
19170243
19172749
19179331
1918023
1918080
19182525
19182805
19183481
19184027
19188448
19193765
19194512
19202110
19202276
19207290
19208759
19217412
19217680
19218422
19219034
1921979
19220477
1922073
19220810
19220866
19221197
19233841
19236486
1923754
1923755
19237599
19239415
1924339
19244244
19244309
19251690
19252121
19254924
19255247
19266201
19269952
19269973
19269975
19270524
19270692
19273607
19279007
19285398
19285991
19287007
19297527
19298859
19300474
19302372
19304952
19321002
19324962
19326079
19328065
19328066
19328068
19328069
19332553
19332564
19332891
19335616
19338753
19339279
19345193
19345220
19345671
19346402
19346454
19349972
1935960
19362086
19364922
19365074
19366694
19369424
19369944
19379692
19383711
19383723
19384408
19386622
19386762
19387440
19387492
19390046
19390089
1939242
19394294
19396236
19399909
19410548
19414602
19414606
19415796
19416103
19416104
19416478
19420680
19422835
19424415
19424434
19430531
19433450
19433630
19435883
19439450
19440046
19440702
19446322
19446323
19447106
19448108
19450534
19452121
19456874
1946350
19463791
19465564
19465911
19466415
19466602
19469552
19477922
19477927
19494107
19494127
19503795
19505460
19506038
19506040
19520826
19521502
19525420
19528231
19528296
19528297
19529773
19531355
19543365
19546227
19546315
19552705
1955472
19556461
19562342
19564405
19564484
19570907
19570983
19574226
19578062
19581448
19583587
195865
19593367
19596888
19596907
19618123
19619495
19625222
19628586
19628817
19629178
19631266
19633059
19633105
19633265
19633267
19635936
19638406
19638689
19652464
19652468
19656950
19666721
19667201
19678848
19679657
19682251
19683497
19684113
19687296
19690167
19695341
19700218
19703468
19704012
19706510
19708857
19712762
19713762
19713768
19720830
19720860
19726565
19732343
19732783
19733178
19734662
19736318
19737519
197391
19748354
19749176
19751518
19752213
19754463
19761543
19763088
19767828
19773362
19774547
19776008
19776351
19777209
19779569
19782029
19782078
19783660
19783770
1978929
19793921
19793923
19796168
19796999
19797078
19797079
19797769
19799639
19801973
19805289
19805341
19805573
19805817
19806183
19809202
19816584
19820940
19822657
19822662
19822728
19823048
19828623
19830908
19837041
19841091
19841266
19841481
19843529
19846558
19847383
19851444
19858292
1986231
19884169
19884341
19889839
19893492
19893618
19897478
19901073
1990281
1990290
19904831
19910927
19915539
19917080
19917248
19927118
19929855
19942853
19942856
19948494
19948495
19948498
19948764
19952110
19952112
19952507
19952509
19955083
19955214
19956593
19956799
19959834
19962308
19966303
19966476
19967545
19995966
20002498
20004207
20005842
20007368
20008553
20012864
20014044
20016004
20016005
20016074
2001672
2001673
2002003
20021387
20026328
20026658
20028335
20032305
20035756
20038530
20041210
20042611
20043226
20054399
20056103
20057141
20064926
20065092
20070376
20074554
2007627
20083442
200835
20086101
20087341
20091224
20093034
2010088
20102600
2010462
20107600
20111053
20111601
20118203
20118605
20124025
20124029
20139087
20141534
2014241
20146743
20150426
20150898
20154027
20156967
20157544
20157578
20159559
20160012
20162532
2016333
2016335
2016746
20174551
20175124
20178842
20178992
20182505
20189679
20195295
20197279
20202201
20206597
20206679
20210661
20222011
20226027
20228058
2023935
2023944
2026161
20305002
20307546
20331428
20345897
20345898
20347764
20348449
20349993
20351216
20351217
20352263
20368619
20371601
20371607
20375281
20381373
20385771
20385774
20385783
20388713
20389282
20392820
20395639
20399152
20401468
20404342
20406419
20413493
20421203
20421295
20421943
20424846
20427570
20429018
20429770
20438816
20439999
2044154
20444096
20444877
20444978
20447276
2044961
2044962
20450881
20457806
2046678
20467201
20472512
20477991
20477992
20481588
20485265
20485439
20485559
20491936
20493815
20498018
20498295
2050108
20504900
20505073
2050737
20510667
20513766
2052544
2052571
20528918
20530755
20534343
20542006
20543865
20547232
20550517
20550520
20554915
20558178
20558315
20562106
20567505
20567816
20571088
20573982
20579315
20584985
20586114
20587033
20600383
20602335
2060778
20608983
20608984
20610602
20618965
20621096
20624911
20624914
20624963
20625780
2062864
20635087
2063628
20637498
2065354
20655873
2065659
20660648
20661438
20663959
20674516
20675578
20681974
20688911
20689743
20691087
20695822
20696905
20700541
20705650
20713444
20713510
20716365
20726898
2072912
2072914
20729566
20729855
20734765
20737431
20739461
20740275
207666
20797861
20799725
20802481
20802492
20803478
20823268
20826459
20832724
20832728
20835226
20841378
20842438
20846144
20847055
20851956
20852627
20854260
20855502
20855568
20858222
20861301
20861302
20864530
20872164
20875428
20876281
20883526
20883824
20884785
20889780
20889785
20921304
20923770
20923977
20928940
20934449
20951350
20952395
20955007
20955010
20956561
20960220
20963216
20967895
20972225
20979343
21034832
21036941
21045551
21059190
21060891
21063748
21068384
21070970
21070971
21070972
21073428
21074047
21075847
21076178
21078184
21081111
21081499
21085121
21094070
21094643
21098112
21098723
21119007
21119626
2112428
21130053
21131909
21135138
21136082
21139346
21143561
21147769
21148204
21148207
21148305
21149442
21149575
2115121
21167129
21168530
21171963
21172417
21172804
21179023
2118103
21183954
21190544
21191185
21193388
21193549
21193664
21211725
21212869
21223946
21231968
21242538
21246509
21246628
2124681
21249184
21252230
21253464
21255223
21257754
21264320
21273246
21282901
21283626
21288028
21291503
21298086
21300833
21303766
21306442
21317551
21320323
21341306
21341307
21343337
21347278
21349851
21355855
21358631
21360731
21368826
21369983
21371425
2137555
21379326
2138057
21383992
2138617
21388962
21392508
21398639
21409566
2141026
21414316
21420397
21429936
21437883
21441307
21441349
21447998
21459050
21460040
2146269
21463458
21468027
21468577
21471218
21474441
21478306
21478434
2147873
21478822
21482668
21487389
21490148
21498574
21515092
21515692
21518767
21518804
21518805
21526151
21532343
21536748
21549315
21550973
21552543
21562219
21572441
21573187
21576265
21576396
21585652
2158860
21589890
21593205
21593793
21596317
21601516
21610197
21619481
21621519
21621546
21621788
21625512
21639830
2164637
21648421
2165073
21658395
21663798
21665945
21665996
2167308
21673659
21673967
21680710
21684259
21685365
21685393
21690308
21697504
21698264
21700223
21700874
2170106
21707788
2170848
21709022
21712379
21715656
21724935
21734642
2174427
2174856
21757925
21761155
21761455
2177474
21777202
2178784
2179049
2179733
21807901
2182199
21822217
2182322
21825164
21829381
2183001
2183024
2183197
21840851
21840858
2185892
2186379
21866320
2186966
21875945
2187859
2188087
21880895
2188093
2188106
2189783
21900497
21902802
2190694
21906996
21908597
21908599
21912603
21914842
21917924
21919057
21931558
21940764
21941128
21944719
2194670
2195025
2195038
21954178
21960436
21964263
2196995
21971548
21978764
21987634
2199320
21993622
21996927
22000012
22009199
22009569
2201900
2201902
22021441
22027892
2203793
22043304
22055569
22061998
22072789
22079111
22081613
22083961
22090344
22093065
2209542
22100294
2211663
22118465
22118530
22121197
22124158
22129752
22129753
22152483
22169356
22180531
22181064
22185758
22189709
22193961
22194413
22194885
22195970
22204397
22216232
22219186
222204
22227188
22230956
22232249
22244311
22250200
22253597
22253786
22271309
22306468
22314234
22318720
22319457
22328503
2233713
2233722
22337769
2234077
22342701
22353369
22355353
22356628
22362029
22362748
22363205
22367039
22372618
22377630
22380741
22384317
22384326
22384333
22384390
22385961
22403410
22405070
22411836
22412880
22419819
22421151
22424774
22438835
22442684
22443114
22447937
22451415
22454508
22457064
22457822
2245911
22467864
2247052
2247062
2247081
22484491
2249250
22493060
22493437
22496419
2249756
2249774
2250717
22511765
22535527
22539722
22544056
22544605
22549955
22553209
22553351
22553352
22558379
22561346
22561997
22564841
22569581
22569921
22570489
22570495
22570619
22573892
22575457
22575664
22575891
22576366
22579291
22580068
22580913
22581527
22586098
22586263
22586276
22586468
22588997
22593206
22593210
22593571
22593576
22593585
22595243
22608499
22608510
22611022
22613836
22615397
22617017
22621897
22621902
22621929
22622083
22628554
22628558
22629230
22633490
22638582
22639140
22643220
22645708
22654166
22654676
22658600
22659048
22669197
22673806
22674684
22674736
22675024
22679025
22684328
22685415
22685417
22687516
22687599
2269430
22714405
22718905
22719263
22724584
22729086
2274024
22745270
22747191
22747505
22748138
22754872
22761425
22768199
2277060
2277073
22771327
2277643
22783207
22787281
22789856
22792405
22809627
22832247
22835029
22842922
22843688
22844257
22846909
22848679
22850743
22851130
22851644
22851650
22862919
22876324
22878416
22888004
22899009
22899724
22902726
22904036
22904326
22908043
22908045
22909133
22912585
22912589
22912599
22915593
22917587
22918244
22918956
22927826
22948312
22961896
22970195
22977244
22979944
22984072
22984289
22984600
23001566
23015758
23019326
23019377
23021432
23022099
23026396
23027975
23028372
23028482
23036860
23042293
23042933
23044417
23045389
23045392
23045394
23045528
23047113
23049729
23050233
23063529
23078654
23090979
23097040
23103740
23106982
23123849
23124761
23129771
23135996
23141540
23144132
23157175
23159490
23167605
23169644
23169667
23170228
23171550
23172144
23175604
23177738
23180764
23184934
23194188
23198688
23201338
23202731
23208445
23208710
23209439
23210626
23217259
23226166
23226203
23226381
23234503
23236290
23242255
23262128
23263491
23264632
23267056
23268696
23270816
23275883
23275891
23276591
23282100
23290554
23291433
23313845
23316435
23318452
23329686
23334284
23334295
23335335
23335340
23335509
23339633
23344949
23345595
23349973
23358190
23358411
23371743
23377879
23382696
23383298
23388641
23389034
23390587
23390603
23403232
23403841
23408980
23410832
23421908
23438601
23439553
23445507
23450501
23452060
23459708
23467670
23468594
23479637
23514356
23527786
23531409
23552365
23569283
23577202
23578934
23586741
23590194
23593017
23597844
23605494
23612966
23615469
23623749
23624835
23637466
23645753
23646187
23656787
23657261
23657815
23668914
23671312
23689130
23692511
23718894
23733464
23740823
23744286
23747251
23755272
23757382
23770697
23802566
23828602
23834287
23838012
23870128
23874964
23878396
23892078
2403635
2404021
2405251
2406558
2406561
2406567
2407608
2407610
2407611
2407740
2440583
2466847
2471670
2494429
2503710
2509432
2523889
2536595
2536698
2538753
2540426
2540976
2543395
2547800
2552405
2556364
2556404
2557161
2563898
2568187
2568633
2569741
2642902
2644694
2647492
2647769
2648698
2649252
2649894
2653812
2653960
2655926
2656401
2656659
2657401
2659434
2660461
2661266
2664468
2664470
2668116
2668951
2671705
2673535
2674136
2674672
2674676
2676511
2676722
2677666
2677674
2678106
2681213
2684666
2685562
2685571
2686980
2686985
2687285
2687291
2690949
2693205
2693937
2693950
2697640
2823079
2824990
2824992
2826147
2827121
2830240
2830265
2830616
2833749
2834079
2835658
2835668
2838478
2840336
2841115
2841184
2842150
2842867
2844766
2844786
2844813
2846277
2848829
2850465
2850487
2854123
2865193
2885722
2890553
2897249
2898766
2907481
2932333
2941152
2943982
2951651
2965996
2968606
2986842
2990892
2998923
2999113
2999114
3004948
3006051
3013721
3015596
3017950
3023384
3023385
3023877
3028797
3029111
3029120
3029130
3029564
3030734
3031032
3034718
3035571
3043194
3049619
3054507
3060468
3062366
3062374
3062383
3064490
3066687
3072197
3072198
3072473
3086289
3094963
3113738
3113739
3136318
3151178
319480
323256
3276521
3280136
3282992
328341
3284787
3285180
3286011
3286616
3288631
3295876
3299050
3302672
3302675
3302682
3303332
3304659
3305159
3306356
3308452
3312168
3312234
3313002
3313004
3313012
3315228
332086
3325742
3327603
3327689
3329045
3332971
3413075
348687
3510080
3510081
3512567
3513174
3514273
3519585
3524852
352536
3531397
3533275
3536126
3536482
3536869
3536873
3536930
3538017
3540206
3540603
3547406
3552672
3552875
357733
363683
375006
377286
3815519
385448
386351
388424
3884975
3887136
3888627
3891509
3897794
3897795
3905388
3905514
3905826
3907855
3907857
3915539
3915773
3915778
3915785
3916807
3921525
397913
400791
4127627
4329443
4333378
4358614
4364332
4367877
4380684
4550660
4551746
4552504
4554474
4559817
4570606
4578088
4580568
4595644
4596057
4598796
4599255
4604238
4606119
4950437
4998031
5227668
5366000
5377463
5434281
5447432
5456141
5474888
5488085
5541525
5584564
5651325
5682847
5708072
5807803
5856369
5859036
5900603
5922535
5943431
5964977
5964978
6092944
6096695
6108218
6148937
6166602
6190703
6207024
6223276
6235522
6243628
6248420
6276023
6285288
6286142
6297789
6300049
6305691
6313350
6321150
6326126
6329902
6330366
6337727
6338478
6338930
6339075
6343368
6348512
6355764
6358792
6363386
6366519
6369318
6371496
6373495
6373504
6384192
6386178
6387396
6392017
6392021
6394957
6436497
6749598
6750138
6757722
6763508
6821505
6988386
6993497
6995454
6996832
6997272
7000754
7002718
7009316
7021310
7021312
7021318
7021320
7026045
7026046
7035824
7035927
7037780
7040163
7040682
7042346
7043464
7044894
7045699
7047296
7050082
7476212
7479796
7479877
7483850
7489726
7490290
7492339
7495881
7496532
7498786
7499285
7500336
7501465
7502585
7505388
7506349
7507454
7514599
7515500
7523855
7526155
7529175
7540976
7544434
7559751
7559752
7559759
7565103
7565587
7565698
7565713
7565765
7565772
7567461
7569998
7579692
7579695
7588624
7590309
7592632
7593162
7593182
7597071
7597845
7607232
7615092
7615550
7616962
7621825
7622037
7622558
7622566
7622567
7622604
7623818
7628446
7628449
7630735
7634338
7642562
7649171
7651387
7651402
7651421
7651424
7657689
7663021
7664742
7665600
7672593
7678255
7687745
7688296
7689168
7691829
7695273
7698990
7721779
7721937
7721939
7728870
7729411
7730323
7730400
7736579
7737118
7739557
7744012
7744048
7744777
7744966
7750142
7753021
7753023
7753848
7754704
7754711
7762298
7768955
7770047
7774008
7774582
7775427
7785326
7791797
7797555
7799934
7800482
7803857
7805891
7813444
7814325
7821815
7822237
7822420
7828598
7828914
7836422
785224
7859289
7860598
7860627
7860628
7862117
7862158
7862160
7865879
7876174
7877969
7882424
7891677
7891685
7891722
7896125
7896706
7896828
7916460
7916461
7916691
7919535
7925282
7926742
7926772
7929113
7929582
7935419
7935462
7941734
7949419
7954793
7956083
7958920
7959019
7961670
7962057
7962083
7969120
7969128
7975891
7982576
7982577
7982968
7990931
7991567
7992502
7995524
8001818
8002563
8005438
8016100
8017104
8022808
8027063
8027068
8034610
8034612
8041367
8043104
8044840
8045930
8050569
8050581
8051050
8051052
8051211
8051213
8052529
8056324
8058731
8065349
8065362
8065929
8076820
8078479
8078902
8082172
8085822
8086466
8088510
8096171
8107780
8109176
8112301
8112465
8112582
8113191
8114741
8121398
8125941
8125978
8132642
8132653
8132658
8134345
8138178
8138573
8139543
8139552
8143766
8144453
8146662
8150278
8152413
8154187
8164651
8164662
8166717
8168133
8168496
8168623
8175741
8181743
8182076
8185321
8194527
8195170
8195187
8195220
8200529
8208248
8211183
8212900
8223425
8223426
8223428
8223452
8224160
8224817
8226890
8226984
8234336
8241279
8243998
8246884
8246887
8246991
8247005
8247132
8248783
8253069
8253840
8256515
8257795
8259520
8262070
8264593
8264608
8265353
8266071
8266075
8266095
8276800
8276886
8288577
8288589
8289782
8289819
8289829
8289832
8293971
8293972
8299150
8305736
8307338
8310294
8313910
8314848
8319908
8320260
8321244
8325502
8334998
8335689
8336709
8336723
8336724
8336737
8341595
8344244
8346025
8346029
8346675
8349643
8354690
8355690
8360174
8366024
8366040
8367478
8367481
8370462
8374953
8380177
8383129
8383328
8385367
8385605
8386319
8387209
8391635
8392963
8395007
8395015
8395517
8404865
8404866
8408076
8408191
8408221
8413192
8413201
8416923
8416924
8417317
8417319
8417331
8417990
8420802
8432727
8440472
8441413
8441419
8441423
8455623
8462845
8474438
8483450
8483459
8488730
8491189
8492799
8497269
8508029
8508778
8516295
8522598
8524222
8524277
8524308
8529880
8533468
8534909
8550469
8552073
8552601
8557051
8557738
8557744
8573145
8582632
8585318
8589449
8590804
8593016
8599119
8600032
8606777
8608449
8612273
8612571
8619313
8620535
8621712
8625409
8626695
8628245
8628275
8628289
8628304
8628314
8631743
8632002
8635455
8636112
8641278
8641285
8643535
8643676
8647289
8647385
8647883
8649366
8649393
8649394
8649403
8649421
8657159
8660468
8662189
8662190
8662598
8662725
8662956
8663351
8663394
8663607
8666671
8668135
8668140
8668190
8670293
8670793
8670864
8670905
8674114
8682854
8682864
8682868
8688556
8690083
8692942
8692959
8692962
8702493
8702496
8702761
8706131
8706132
8706758
8707827
8707841
8709965
8718687
8722762
8725220
8754819
8754839
8754840
8756348
8756637
8756649
8757402
8760941
8765142
8768524
8770585
8771712
8774886
8781238
8798516
8798656
8798704
8804308
8816438
8816439
8816487
8816488
8816993
8816998
8824190
8824231
8824595
8830695
8836179
8844145
8846915
8849881
8849883
8849884
8852836
8852837
8852839
8855249
8861964
8862519
8868422
8873448
8876235
8878673
8879247
8887628
8887631
8889515
8889833
8890739
8895587
8895658
8896280
8896453
8896463
8898194
8901576
8903341
8910381
8910528
8910557
8913737
8913742
8917313
8918228
8918241
8918885
8921898
8921905
8923736
8929391
8929392
8929408
8930904
8939941
8943317
8943355
8945477
8947054
8955162
8955274
8961564
8962081
8962109
8969238
8970155
8970163
8972187
8972574
8972867
8978029
8978673
8980231
8994825
8995254
9000374
9001208
9001215
9008707
9017389
9017592
9023185
9023340
9023541
9024694
9029160
9032237
9032248
9032262
9036857
9042864
9044278
9045610
9046081
9046096
9055073
9055077
9058184
9065385
9065405
9073064
9079682
9079899
9082982
9083082
9083101
9090049
9090058
9105038
9111317
9111353
9115231
9118949
9121426
9121433
9121443
9121474
9128251
9130720
9135999
9140965
9148890
9148959
9150138
9150140
9154807
9154821
9155008
9160748
9171333
9171383
9180083
9182565
9182768
9184220
9187370
9190206
9190214
9190802
9192695
9195906
9199167
9200603
9201714
9207091
9211789
9211930
9214619
9215889
9215891
9224891
9224892
9224897
9233818
9234667
9234670
9234673
9234719
9234728
9235906
9235926
9235928
9235937
9236772
9241271
9242411
9244250
9247645
9247651
9250391
9252577
9258672
9261170
9265642
9265649
9266513
9267436
9268358
9271115
9271239
9271380
9271406
9271578
9275166
9275199
9278052
9285820
9287019
9288741
9288742
9288748
9288937
9294037
9301019
9301024
9303299
9303323
9305894
9312008
9312134
9314526
9315631
9315638
9315671
9326946
9332345
9334171
9334304
9335339
9335580
9335583
9335584
9339340
9339342
9341149
9341678
9342317
9343395
9343412
9343421
9345280
9346907
9348527
9348530
9353309
9358046
9358174
9367751
9371805
9372916
9372940
9382872
9383053
9384580
9388293
9388468
9390555
9392076
9395539
9398665
9398670
9398683
9405362
9407035
9407036
9409823
9412462
9418847
9425151
9427754
9427760
9428646
9428669
9428742
9428768
9430585
9430719
9431454
9437001
9438131
9443897
9447989
9450930
9450993
9452443
9452501
9456310
9463374
9463377
9468503
9472076
9482721
9482746
9482879
9483800
9485596
9485599
9488467
9491082
9491083
9495346
9497294
9504908
9506896
9506897
9516239
9516420
9524122
9528754
9528757
9528791
9537365
9539135
9544246
9545197
9545234
9545237
9545322
9546663
9559539
9559540
9559547
9560388
9560389
9562621
9565610
9566888
9571246
9573363
9576863
9582098
9582370
9584085
9584156
9584160
9584169
9590170
9593122
9595677
9606204
9611195
9611201
9613583
9614182
9618513
9620854
9624177
9624178
9632794
9636166
9636180
9639310
9639312
9642191
9649430
9649442
9649443
9651685
9657388
9660952
9670033
9670034
9671481
9671499
9675847
9677363
9679135
9683672
9685359
9687491
9688262
9691031
9693366
9694884
9696750
9700160
9701822
9708739
9710580
9710584
9711846
9712845
9716410
9717239
9720869
9722586
9724417
9724628
9724630
9724632
9725829
9726966
9732282
9732290
9738503
9742092
9742127
9742129
9742397
9744864
9744871
9748261
9748433
9753630
9755161
9755193
9755194
9756893
9756928
9759731
9763421
9763445
9763449
9765213
9770489
9774331
9774387
9774694
9784390
9784626
9786948
9790586
9790978
9799242
9811604
9811878
9813090
9813092
9817751
9818721
9818723
9819425
9822583
9822591
9822593
9822666
9822704
9829955
9832522
9837904
9837945
9843512
9843576
9843683
9844636
9844640
9851990
9852106
9852143
9852145
9852155
9857174
9858558
9858571
9858581
9860960
9864366
9865702
9867807
9867878
9869639
9872767
9873020
9874242
9880329
9880808
9889188
9890948
9891070
9891085
9920864
9927415
9927445
9931424
9933355
9973615
9988704
9990855
9990856
