
10051160
10051163
10051399
10051637
10051646
10053005
10053179
10069705
10069709
10069712
10070612
10077527
10080174
10080184
10083738
10090474
10090888
10090906
10094187
10094189
10101253
10190324
10190538
10196384
10205263
10205266
10205272
10206124
10208576
10215410
10218527
10220141
10227395
10232754
10233776
10319867
10323247
10323391
10330338
10330339
10330344
10340649
10353779
10353782
10364514
10364519
10369256
10369266
10369308
10369874
10384384
10391218
10391219
10394936
10398231
10398241
10398246
10400999
10405441
10417285
10425211
10431244
10439960
10441340
10441570
10441585
10441597
10444339
10449641
10465117
10466419
10466420
10469312
10469319
10471494
10480349
10480371
10480374
10482261
10482950
10482955
10484768
10486093
10487664
10487696
10491211
10502833
10503584
10507728
10508514
10508519
10508521
10508524
10508986
10521291
10521292
10521295
10521297
10521299
10521306
10521307
10523019
10523031
10527672
10528855
10528858
10533063
10535733
10545611
10545612
10545938
10545952
10555141
10556299
10564886
10566637
10571943
10571954
10573014
10573015
10577905
10577908
10577924
10577936
10579978
10581026
10581036
10585338
10599760
10602363
10610716
10612394
10615118
10615131
10615133
10625078
10631160
10632111
10633133
10633135
10634598
10636977
10642597
10642602
10647011
10647889
10652016
10655055
10655063
10655153
10655510
10655545
10665500
10673275
10677294
10677295
10677296
10677298
10677299
10678659
10690855
10697964
10699052
10700182
10700184
10706896
10710235
10712197
10712439
10713890
10720030
10720943
10724
10729115
10732814
10735634
10737981
10739752
10739753
10739763
10741954
10742096
10742114
10745040
10746562
10746566
10749987
10751095
10756427
10759702
10762163
10762540
10766875
10767332
10767337
10767350
10775527
10777357
10777358
10777717
10780316
10790201
10790204
10790206
10792573
10797416
10798358
10801053
10802654
10802661
10807541
10814714
10814718
10814720
10820128
10825362
10835628
10835633
10839543
10839884
10839976
10839977
10841810
10851256
10851391
10852465
10854091
10854116
10856194
10861667
10873393
10873396
10878663
10886756
10909857
10909858
10914683
10915766
10922383
10925384
10928856
10928898
10930571
10932183
10932186
10932187
10932188
10942115
10942423
10942434
10944223
10944442
10944848
10944856
10945658
10945669
10947946
10951468
10964512
10971344
10972294
10973238
10973241
10973251
10973263
10980529
10982182
10982185
10982191
10982473
10982965
10986040
10987649
10991694
10995512
11001585
11006246
11007653
11007980
11013136
11013442
11022934
11026454
11029463
11030412
11030752
11034457
11038443
11039582
11047757
11050621
11053679
11053680
11055895
11055896
11058897
11061266
11062463
11062464
11062471
11062472
11062474
11068184
11071142
11071483
11071490
11073544
11076045
11078474
11085914
11090341
11093271
11093277
11093741
11095460
11095461
11101850
11102934
11120765
11121128
11125141
11129331
11134255
11136715
11137992
11137993
11138009
11138011
11152660
11153907
11156534
11158518
11159191
11159937
11159940
11159941
11159947
11163249
11169558
11170889
11174631
11175284
11175290
11175294
11175297
11175299
11175779
11175783
11175790
11179005
11181577
11196105
11200994
11207362
11214906
11214910
11219864
11224521
11228257
11228268
11228641
11231775
11231902
11232006
11238682
11238684
11239453
11241842
11242109
11246459
11251574
11254442
11254675
112567
11258625
11260212
11260233
11274232
11279515
11279527
11281275
11283794
11286507
11297581
11301317
11303519
11313756
11313763
11317352
11317673
11320179
11320193
11323423
11326272
11326274
11326279
11326280
11326334
11331617
11332973
11333381
11342696
11344308
11349231
11349232
11349233
11355015
11359069
11359211
11359471
11371511
11378828
11381256
11381270
11389483
11391654
11402105
11403039
11403047
11409868
11424136
11424921
11431706
11443545
11443547
11446407
11452125
11455389
11456299
11461952
11462173
11468277
11468322
11468686
11470272
11470490
11471164
11474210
11477602
11479597
11479728
11479731
11479732
11484202
11486899
11487566
11499682
11502839
11502906
11505338
11505339
11509994
11511294
11511921
11519376
11528396
11528500
11528502
11528512
11532987
11544476
11545688
11552027
11552031
11556849
11562418
11564167
11565064
11565547
11567139
11567214
11567215
11568923
11572947
11577372
11586297
11586299
11586300
11590543
11591858
11591859
11592033
11592034
11592811
11595972
11603379
11687798
11701718
11702223
11702224
11704759
11704931
11709191
11709541
11719191
117248
11733556
11733564
11735026
11735029
11741193
11741532
11741828
11741829
11743515
11748304
11754051
11754069
11772997
11776388
11779494
11791205
11799392
11804211
11807006
11807148
11807405
11807866
11807877
11815777
11822024
11826028
11829139
11836358
11841555
11845407
11846737
11846744
11849230
11854170
11857108
11857544
11857549
11857550
11857552
11857750
11889214
11889465
11889466
11889467
11891681
11891829
11896389
11898126
11907515
11914035
11914408
11916319
11919560
11929852
11930274
11935326
11935335
11935341
11940089
11941369
11941370
11941477
11941485
11941538
11950863
11968090
11971879
11983712
11992121
11992250
11992252
11992261
11992265
11992493
12002146
12011157
12016587
12016589
12034796
12045264
12046007
12050212
12060141
12060391
12068375
12072797
12075507
12081718
12089525
12089654
12090986
12093361
12107262
12112061
12112657
12114478
12114482
12114483
12116211
12116232
12116237
12116254
12118255
12121354
12121355
12124730
12126934
12148598
12161469
12177367
12185364
12189489
12189496
12195014
12196655
12200611
12202988
12210329
12210330
12210795
12213892
12215968
12217961
12219090
12221109
12239717
12239718
12244321
12244547
12271294
12297987
12297989
12325024
12325025
12355089
12360425
12368912
12369017
12369018
12372058
12372064
12376936
12379317
12379852
12384776
12384778
12389028
12400065
12408190
12414822
12414828
12415272
12417987
12424590
12434311
12438263
12438653
12439904
12441727
12442267
12445216
12447395
12447927
12447932
12447940
12451214
12457340
12459588
12464671
12468274
12471062
12471201
12471211
12476449
12481990
12483293
12483304
12485195
12491225
12503095
12503101
12506140
12522557
12522561
12524598
12525535
12525541
12525543
12529507
12529709
12529711
12529855
12538651
12545276
12552055
12552057
12552556
12552564
12554676
12554680
12554689
12555939
12555940
12557299
12558110
12566275
12566391
12566520
12567324
12567406
12567411
12567415
12571802
12574213
12579474
12588800
1258954
12590259
12592607
12594532
12599187
12601554
12601708
12605447
12607113
12612583
12612584
12615169
12616398
12618959
12624138
12624153
12627230
12629113
12630957
12632325
12632327
12638939
12640453
12644936
12647205
12649808
12654965
12668170
12669065
12673664
12675839
12679461
12694234
12696021
12707439
12707446
12707950
12721955
12734318
12734549
12742592
12749062
12752578
12754705
12754707
12757705
12757706
12766194
12766769
12783851
12786757
12786759
12788103
12791036
12794683
12794697
12794707
12805098
12805120
12807959
12807966
12812979
12815589
12815595
1281988
12827451
12827496
12837689
12838557
12838562
12843324
12843329
12844284
12845333
1284597
12859411
12859414
12868467
12872122
12881724
12884430
12890191
12900894
12900905
12900906
12913070
12916015
12920073
12920076
12920575
12928484
1293379
12938087
12939657
12949967
12949972
12949978
12952869
12960215
12960217
12966029
12966518
12966531
12970144
12975300
1301174
1301190
1301192
1301193
1301198
1301200
1301201
1301935
1301946
1301947
1301949
1301958
1302000
1302003
1302008
1302009
1302608
1302612
1303193
1303211
1303258
1303264
1307245
1307253
1308353
1310317
1310898
1312992
13130483
1316765
1322637
1327525
1338909
1339396
1339397
1345174
1346617
1347148
1349576
13524805
1353340
1353535
1355630
1357232
1357662
1358789
1360590
1363837
1363838
13679528
13680360
1372102
1374906
1383546
1384323
1384324
13849708
1391960
13981686
1401056
1405472
1405476
14069095
14217223
14234962
14269895
1429602
1430199
14322785
14452137
14508502
14510823
14517542
14520415
14523231
14523375
14557587
14559215
14560308
14560312
14564667
14569121
14571277
14577675
14581661
14585638
14598164
14598341
14605501
14615938
14618417
14627679
14627691
1463019
14634649
14635102
14635103
14635105
14639529
14647208
14647276
14648242
14652796
14657428
14661080
14661163
14662654
14662655
14671208
14673469
14676472
14678799
14684690
14684701
14695530
1472057
14722918
14726382
14727154
14729835
14729840
14732903
14742428
14755477
14757865
14758537
14760273
14764819
1480464
1483689
1483696
1496983
14981729
14985390
14986828
14988809
14991055
14994243
1499588
14997421
15001620
15004558
15007136
15024691
15024692
15024693
15032979
15033206
15034579
15037715
15039977
15044642
15044805
15054848
1505964
15068978
1509262
15098240
15103725
15103729
15105459
15106123
15108203
15108204
15114530
15121789
15122512
15124102
1513469
15137946
15141091
15146185
15146186
15148591
15154114
15159508
15162322
15166289
15168109
15173230
15181075
15192806
15211654
15214011
15214012
15214016
15216543
15216552
15220921
15221448
15236413
15236414
15240615
15240651
15240907
15249611
15253765
15253766
15253947
15264293
15265795
15266624
1527987
15286153
15286169
15287423
15289765
15290238
15300250
15309682
1531140
15314642
15316962
15317749
15317892
15318302
1532289
15329069
15329070
15342693
15346919
15354328
15356023
15356038
15356572
15365154
15368500
15372525
15372529
15372530
15378538
15384080
15385440
15389708
1539590
15448617
15452067
15454078
15455402
15466013
1547346
15475955
15482471
15486829
15488219
15489854
15492925
1549596
15499549
1550123
1550586
15520408
15523492
15523612
15523615
15523620
15523624
15523639
15523642
15523645
15523648
15523657
15525660
15536163
15537665
15543146
15546900
15551259
15551337
15558753
15558842
15565397
15571623
15576474
15577852
15586325
15591271
15592469
15592663
15596759
15605415
15609246
15623749
15625620
15627218
15629294
15629837
15633164
15641023
15643612
15651030
15654694
15657175
15668445
15671297
15673802
1568247
15689435
15689447
1569206
15696165
15706485
1570829
15714519
15714522
15718293
15728307
15728585
15731757
15736220
15744458
15769976
15770128
15770227
15773042
15781871
15786464
15793586
15805154
15805158
15809997
15810001
15810002
15812812
15821733
15821734
15824269
15824356
15829536
15838507
15843405
15846561
15851735
15852392
15857422
15863660
15864348
15864413
1586722
15870678
15871139
15877281
15880785
15883926
15889350
15894594
15907287
15914629
15915161
15928241
15930085
15930420
15930898
15937479
15940695
15940697
15948193
15948199
15952089
15952209
15952211
15952212
15957158
15964893
15968592
15976030
15981244
1598901
1598908
15994862
15996218
16007086
1601417
16025100
16033914
16033917
16039748
16044199
16045708
16049940
1605226
1605230
1605231
1606711
16080122
16086185
16088915
16088920
16094673
16097008
16098033
16103912
1610789
16114047
16116424
16116615
16122634
16127465
1613761
16142236
16145681
16148061
16155570
16158428
16158429
16170316
16189708
1619028
16199551
16200072
16200211
16216942
16222662
16222665
16222676
16228000
16228229
16235065
1623631
16236810
16240070
16249515
16267323
16274666
1627655
16281286
16282977
16282978
16283891
16299064
16301218
16308660
1631074
16311595
16311597
16311745
1632439
16333834
1634225
1634607
16353258
16357942
16372351
16380913
16385447
1639384
1639410
16400610
16401745
16404586
16411201
16411202
16411219
16415886
16415887
16418210
16437572
16441263
16443854
16444271
16451139
16451141
16453322
16459341
16465618
16465621
1646587
16470600
16470690
16470701
16470793
16470798
16474404
16474405
16479318
16491085
16493439
16497722
16501574
16505326
16525029
1652892
16532399
16532400
16532472
16538222
16542398
16543197
16543359
16550171
1655284
16566017
16567715
16570191
16571880
16582908
16582910
16583127
16585605
1658787
16596670
16596676
1659668
1659948
16604058
16604071
16606836
16606853
16606917
16611748
16630165
16630169
16637051
16642017
16642020
16670177
16670814
16682970
16682973
16685649
16685650
16688726
16688751
16691592
16701995
16704458
1670590
1670635
16709485
16714133
16717220
1671810
1671881
16724007
1673291
16738945
16740138
16740912
16740914
16751772
16752389
16752391
16752401
16760738
16761293
1676699
16773572
1678251
16783569
16786527
1679030
16791849
16799922
16801345
1680289
16804542
16813600
16813601
16816024
16817193
16818673
1682235
16826520
16826528
16826533
16835863
1683972
1684086
1684088
16845398
16845400
16871364
16882753
16890191
16892395
16894541
16900296
16906559
16906565
16909383
16909394
16912704
16924388
16928994
16932809
16934001
16935814
16940241
16947863
16951682
16951918
16960806
16960811
16965327
16966553
16968793
16968807
16969684
16980979
16990542
17000989
17001667
17001668
17013395
17022080
1702266
17024373
17026626
17033621
17033625
17033731
17033958
17033964
17033969
17033971
17036286
17041604
17044012
17054105
17056636
17066260
17068770
1707231
17086182
17086185
17089161
1709636
17101918
17108763
17111153
17120046
17120248
171280
17142620
17143285
1714544
17148041
17152059
17152066
1715570
1715688
17159124
17160889
17160893
17160903
17163535
17164305
17167404
17173049
1718266
17183314
17186462
17186469
17186471
17186472
17187067
17187068
1718978
1719426
17200671
17200672
1720927
17210863
17218254
1721894
17221865
17223882
17235395
17236128
17236138
17236139
17236141
17236770
17239335
17256797
17256800
17262856
17273964
17273966
17273967
17273969
17273977
17275378
17277775
17286265
17290294
17291859
17299070
17299436
17301963
17307006
17310273
17322883
17327381
17329413
17332895
17334363
17334993
17334995
17336067
1733834
17343269
17351347
17352387
17353897
17357085
17357087
17360555
17366579
17373699
17377820
17377962
1737847
17384640
17403716
17405131
17405847
17409324
17412732
17412879
17431908
17431915
17436019
17436247
17436253
17436254
17436255
17438221
17440011
17444505
17446347
1745350
17455289
17458872
17460281
17468754
17468812
17470133
17478391
17492313
17492639
17503333
17503335
17507419
17530927
17546030
17546031
17546645
17554762
17558407
17558409
17562838
17564961
17564966
17564967
17564974
1756715
17567890
17568394
17568404
1757094
17572665
1757960
17584854
17594395
17594715
17595013
17603483
17603801
17604671
17609671
17616415
17617514
17618285
17621648
17632510
17632775
17634419
17635943
17637804
17643332
17643447
1765378
17660464
17661097
17661815
17661819
17666473
17668378
17668384
17668385
17668388
17675530
17676042
17680008
17696123
1769645
17701896
17701900
17704776
17704778
17705300
1770532
17717706
17717710
17718865
17721876
17721977
17785587
1783401
17847003
17847009
17847065
17850630
17850632
17850639
17851452
17853461
17853471
17868390
17872363
17873122
17878207
17893295
17914448
17923109
17924334
17928815
17932120
17935213
17935511
17937425
17937444
17952091
17959406
17962394
17966092
17970811
17989220
17993579
17993581
17994549
17998446
17998485
17999358
18000979
18006672
18024218
18039947
18042262
18043714
18055909
18067136
18070134
18070203
18074359
18084694
18087240
18094336
18098276
18136715
18174396
18179883
18179888
18179891
18179903
18182455
18195152
18199800
18203166
18203167
18203179
18203193
18203194
18203199
18203755
18204449
18242854
18247425
1825014
18252212
18252223
18252230
18257094
18271001
1827945
18283415
18285827
18297069
18304158
18310267
18313027
18325042
18326629
18327255
1833732
18337561
1833974
18342287
18348262
18348267
18348274
18363760
1837283
18378174
18386804
18387594
18403583
18407210
18407919
18408718
18409203
18412115
18412118
18414507
18414909
18423520
18425797
18435799
18439547
18445049
18446857
18451999
18455129
18456718
18462864
18464934
18469812
18469813
1847055
18470948
18478600
18485326
18492762
18498376
18499082
18505454
18512226
18513679
18513680
18513683
18514161
18518886
1852208
18523010
18523455
18536048
18550699
18553553
18559978
18565097
18565486
18571142
18577546
18593870
18596229
18596921
18606970
18611981
18622393
18627047
18628313
18628516
18628786
18629880
18629882
1864604
18657636
18671281
18671284
18680191
18684116
18695058
18695062
18697827
18698629
18700894
1870093
18701883
18724368
18728071
18728072
1874719
18758829
18783408
18794526
18798332
18801879
18809835
1882842
18830228
18830229
18830232
18830233
18831060
18831064
18834967
18834968
18854396
1885770
1887852
18924171
18925667
18925670
18950740
18950742
1895316
18953340
18953341
18954413
18973245
1897530
18978652
18978656
1898413
18985159
18989701
18997784
19005420
19006206
19006232
19006234
19012350
19012874
19015483
19015492
19021639
19034540
19036076
19043416
19043417
19056803
19060004
19061984
19067344
19068278
19072571
1907799
1907800
19079066
19085907
19088120
1909089
1909401
1909778
19107570
19110212
19118815
19129173
19136951
19138766
19140180
19153371
1915520
19157875
1915858
19165920
19176363
19179078
19182255
19185523
19194885
19194956
19196676
19197337
19200522
19206155
19206169
19206175
19206178
19208380
19208381
19214208
19215732
19225462
19232556
19235232
19235233
19239083
19241098
19242930
19249007
19249206
19250380
19250384
19254784
19259131
19264582
19264732
19277064
19277648
1928092
19289394
19289823
19299310
19303681
19304569
19306334
19308961
19320654
19330033
19334086
19342235
19346217
19353631
19353645
19357398
19361615
19361779
19366998
19367324
19370764
1937470
19375058
19377476
19387023
19396824
19396835
19405096
19409520
19409522
19409524
19412178
19414485
19420365
19430947
19431184
19438932
19438935
19442771
19443465
19449405
19449407
19449430
19455184
19461659
19461874
19465910
19474428
19478817
19481194
19481195
19489875
19508969
19508970
19525954
19526372
19530185
19533773
19533799
19557857
19559397
19559399
19561605
1956279
19564653
19574260
19576563
19576565
19576567
19578037
19589401
19592390
19592582
19606471
19606478
19610084
19615667
19621418
19625727
19630075
19631308
19635601
19640924
19643970
19646678
19646679
19648921
19650410
19656777
19659762
19668215
19668216
19669792
19684605
1968706
19687455
19716112
1972503
1972707
19732866
19738637
19752159
1975559
19760620
19762328
19764030
1977311
19776401
19793055
19793056
19793311
1979337
19800048
19805727
19807744
19826449
19834502
19838196
19839040
19839044
19839856
19842190
19842205
19844261
19845691
19863563
19878917
1988452
19887127
19888295
19888299
19896109
19896110
19896112
19896113
19897589
19901175
1990841
19911013
19915526
19918918
19921643
19935664
19938096
19952732
19956407
19956411
19965637
19965921
19966803
1997387
1998337
19995790
20004763
20004764
20014127
20014264
20018682
20021999
20027113
20029458
20034086
20034096
20036350
20065143
20074521
20082458
20082460
20082464
20089971
2010537
20111056
2011574
20118933
2012122
20137772
20137773
20137775
20137776
20137777
20137778
20142620
2014802
20148032
20157158
20159109
20170896
20170897
20170898
20170899
20170900
20176027
20179356
20179738
20206331
20206334
20221955
20226437
2022752
2023926
20300565
20346435
20347099
2035531
2035532
20358590
20358596
20358613
20362274
2037279
2037280
20381006
20382551
20395263
20396904
20400963
20425821
20436468
2044609
20451169
20451170
20451172
20456449
20473310
20473311
20478267
20493457
20493458
20493459
20503313
20503332
20503338
20505134
20512146
20512159
20513142
20518025
20522431
20528888
20528889
20537300
20543203
20560210
20577006
20581743
20591883
20602914
20617341
20618352
20619386
20631719
20631720
20635353
20635399
20635401
20637498
2063866
2063868
20651251
20655036
20659440
20671153
20673863
20684000
20684013
20691405
20691407
20694012
2071149
2071150
20727515
20729831
20795774
20797691
2079835
20799338
20802478
20803643
20803646
20805367
20817137
20818383
20825431
20825432
20826270
20829227
20830804
20833646
20835237
20839240
20841510
20844286
20850105
20855850
20858599
20869034
20869035
20886637
20890276
20890278
20890279
20920668
20920669
20949531
20950787
20950788
20960469
20961246
20972249
20978018
20979188
21035103
21035105
21035106
21055716
21057504
21063731
21070211
21070897
21073448
21076407
21092922
21104864
21108395
21108397
21109224
21109227
21110228
21120949
21129722
21129723
21129727
21129728
21131953
21131972
21131973
21131974
21131976
21147908
2116088
21185009
21188418
21190457
21194678
21203893
21204226
21204238
21205863
21211618
21217752
21217755
2122458
21224894
21228398
21237447
21240275
21240277
21242494
21248746
21255762
21258343
21267618
21271649
21294719
21310276
21310277
21325395
21326281
21333572
21337604
21340693
21344627
21346770
21353613
21358632
21358633
21376300
21378380
21378985
21378989
21388311
21397065
21403111
2140574
21439540
21441262
21473985
21473986
21474760
21474761
21480479
21493627
21493957
21529751
21529752
21549337
21549340
21549343
21552266
21555645
21567902
21572413
21575681
2157843
21594992
21594993
21620353
21624973
21628467
21633362
21636066
21638761
21649642
21651393
21665000
21665003
2166947
21670345
21671384
21671392
21681855
21700266
21703590
21706002
21712856
21712857
21714643
21727188
21737058
21739581
21739600
21741611
21746984
21749365
21753172
2177843
21782149
21802063
21815252
21820096
21820098
21834035
21834044
21849804
21852578
21855841
21862674
21877133
21881205
21885617
21892158
21892160
21901792
21905166
21907012
21907015
21919124
21931173
21937992
21944047
21953331
21954287
21964829
21965087
21983783
21990100
21996275
22019273
22025892
22036171
22038757
22077971
22100072
22101682
22106055
2212001
22121204
22152675
22152678
22152679
22152683
22155368
22158542
22161967
22168587
22177090
22197486
22197488
22209245
22209248
22211708
22242004
22243967
22246503
22246954
22258522
22258530
22265014
22265015
22267198
22275249
22277967
22279524
22284826
22284827
22284829
22290197
22290657
22301465
22305527
22305528
22305531
22306653
22312188
2233247
22333901
2233903
2234061
22345219
2235122
22351933
22353939
22353940
22365152
22366783
22366785
22366787
22371254
22387013
22387016
22387996
22405087
22405088
22405089
22419172
22419483
22424600
22426308
22426309
2243125
2243144
22436048
22440536
22444671
22459677
22464250
22464252
2246772
2247149
2247151
22482807
22492991
22494134
22495311
22499348
22500628
22503633
22511892
22512483
22521416
22522420
22522421
22539873
22541558
22541559
22541562
22543779
22544363
22544367
22549409
22549410
22550389
22572734
22577224
22578326
22581229
22581640
22608499
22608502
22633399
2263616
22658544
22683086
22683087
22693283
22693284
22703880
22729224
22742743
22744660
22748208
22770981
22791835
22814392
22818856
22832386
22840363
22840364
22842227
22842230
22842232
22863190
22863195
22876138
22883145
22883147
22885700
22892527
22892528
22901946
22901947
22901948
22922033
22922874
22939636
2295701
22958903
22961002
22981119
22986007
2298750
23000143
23000145
23001123
23001426
23022099
23022101
23023331
23023332
23023333
23033274
23033317
23033978
23037936
23040496
23042809
23063621
23076834
23084291
23086396
23086397
2309142
2309707
2309863
23099646
23103230
23114594
23122586
23122588
23122589
23141293
23141534
23143598
23143600
23159249
23160955
23161826
23176819
23176820
23176821
23176823
23176824
23188108
23190533
2319578
23200864
23217327
23217329
23222957
23240096
23246003
23246290
23246293
23255084
23255472
23261301
23261302
23261303
23273569
23281106
23312594
2331520
23315978
2332125
23332917
23332918
23332920
23354436
23354437
23354439
23375655
23383720
2339128
23393019
2339700
23403903
23418306
23418308
23423984
23444262
23453664
23453666
23453667
2347583
23499309
2349939
23519211
23522784
23541340
23541342
23541344
23542699
23542701
23553477
23582646
23602711
23603762
23623386
23623387
23623388
23623389
23636107
23643381
23643382
23643384
23644463
23647072
2365710
2365823
2365824
23664117
23664120
23665959
23684011
23704329
23708187
23731542
23746549
23746550
23749988
23768512
23768514
23770608
2378353
23791108
23810378
23810381
23830514
23830518
23842455
23849776
23849778
23862974
23872636
23891471
23910460
23910462
23911318
23913001
23932106
23933818
23934111
23935176
23972372
23974871
23993194
23993195
23993197
24011988
24011989
24035193
24036948
24039145
24055112
24056535
24056717
24075186
24075189
24076603
24140112
24140113
24157691
24169519
24183449
24212882
2423135
24239382
24241535
24254849
24268655
24285859
24291220
24319099
24336167
24360804
24360808
24360809
24360810
24367057
24369382
24387990
24389050
24439110
24456803
24462371
24462372
24463883
24507776
24530203
24531329
24549039
24556213
24581741
24607389
24614070
24651605
24656866
24668262
24680889
24702954
24702957
24705357
24706940
24726473
24747639
24747641
24766809
24768550
24781087
24791903
24798638
2480601
24812067
24814191
24836451
24847004
24882706
24886874
24906020
24906948
2491181
2492273
24931394
24995870
24995871
24997988
2500431
25017102
25018096
25044170
25077172
25087613
25099252
25105227
25105228
2511192
25125236
25129144
25130867
25132448
25152457
25164438
25192045
25192046
25196122
25217958
2522679
25262651
25281490
25342064
25344692
25362483
2537010
25401298
2541274
25420144
2543071
25434003
25434004
25434005
25466283
25466284
25480035
25480037
25500261
25533962
25557780
25557784
25574826
2557627
2558018
25597510
25612912
25620203
25620204
25620207
2564729
2564952
25658047
25669657
25677735
25683117
25683120
25683121
2569826
25704603
25705886
25728773
25728775
25728776
25730767
2573272
2574002
2574462
25751627
25772934
25772936
25805808
25817015
25817016
25817018
25839329
25865492
25865495
25893599
25913037
25915598
25961944
26004199
26004201
26005865
26005867
26026149
26027496
26027498
26046368
2606484
26073778
26073779
26119818
26122121
26154720
26166480
26235986
26235987
26279204
26291284
26299364
26299366
26320891
26336158
26340333
26340335
2634610
26365339
26365340
26365341
26384929
26387594
26408653
26411495
2642067
26424145
26437028
26437029
2644560
26477546
26506440
26522469
26522471
26543203
26571461
26581901
26581903
26593267
26595769
26626625
26637975
26637978
26637979
26637980
26637982
26642240
26708751
26708753
26757981
26805781
26805782
26833328
26833330
26833332
26908622
26917597
26924529
26924530
26942287
26942290
26996948
26996949
27013236
27018474
2703235
2703538
27058447
27058448
27063057
27087320
27108797
27108798
27108799
2712793
27132592
27132593
27181681
27181683
27236917
27236923
27239025
27259049
27259050
27259054
27259055
27264673
27292112
27329731
27374770
27374773
27374774
27392077
27392078
27394135
27479907
27545674
27545681
27616479
27640307
2773936
2779634
2783588
2792087
2794057
2805381
2808706
2813379
2816939
2825199
2834369
2840952
2843770
2848800
2849209
2881300
2884570
2894756
2913053
2921040
2921319
2929661
2934978
2954459
2956987
2961848
2973515
2976595
3005800
3008810
3014997
3024987
3032454
3080572
3082886
3087571
3100754
3108247
3137520
3170748
3174660
3177466
3177467
3182793
3195588
3236364
3344762
3362213
3366140
3372781
3377002
3383242
3403550
3451231
3460961
3475710
3550563
3560758
3631078
3667255
3667599
3684597
3740099
3754980
3762648
3802554
3812486
3827224
3839802
3865697
3974805
3975110
3998954
4019538
4039531
4061497
4209752
4221470
4265197
4358183
4421454
445864
458526
46025
4644462
4690360
4702713
474617
4811796
495649
5016372
5041390
5054319
5116697
5300597
5365063
5410571
5419329
571983
5762004
5771504
5823961
6093533
6150139
6181239
6243137
6434827
6450420
6637477
6682021
6711603
6711605
6801987
6811712
6821579
6859126
6883788
6933565
6941312
6959123
7122152
7158646
7218275
7229751
7264357
7422392
7479827
7481768
7485151
7493028
7493034
7496176
7506602
7528344
7550232
7550321
7550324
7550325
7550340
7550355
7551159
7553855
7560086
7573035
7573038
7573159
7574457
7581378
7581385
7581393
7581395
7581396
7581397
7585650
7586649
7593598
7599639
7603790
7604843
7607643
7607655
7611280
7611299
7625549
7628126
7630403
7633409
7633414
7633417
7633431
7633435
7645594
7647778
7647781
7649538
7655462
7659163
7664335
7668252
7668281
7668285
7669675
7670469
7670472
7670477
7670563
7683951
7693575
7697714
7701349
7710253
7711739
7719337
7719344
7719345
7720070
7726174
7730309
7749409
7749417
7757081
7757089
7758520
7762551
7763253
7773297
7778600
7789952
7792600
7795610
7795640
7802039
7807941
7811722
7814011
7814018
7815433
7815444
7816518
7829510
7833911
7833915
7833919
7833949
7842019
7849702
7849710
7849719
7858169
7859284
7860064
7860775
7866401
7870171
7874117
7874165
7874167
7874169
7874170
7881286
7881420
7881422
7881425
7881431
7883996
7887420
7892608
7902317
7906588
7907600
7909321
7909527
7911051
7912128
7913883
7920640
7920659
7920660
7923357
7929823
7943039
7943042
7943045
7945303
7951228
7951229
7951246
7951253
7954831
7977370
7981590
7981670
7981714
7981715
7981752
7985018
7987301
7987310
7987333
7987396
7987400
7990924
8001137
8004099
8005589
8012364
8023850
8031011
8032855
8040326
8045559
8051942
8069314
8071745
8071961
8071963
8072545
8078586
8088831
8088845
8094489
8097260
8097261
8097422
8098182
8098245
8100209
8101038
8101040
8101042
8101083
8104633
8105086
8127074
8132745
8133980
8136837
8149649
8162054
8163671
8178819
8198123
8199591
8199594
8199595
8213816
8225321
8227344
8227361
8229524
8240113
8244332
8244341
8252036
8268931
8274781
8279468
8279470
8281141
8281150
8288232
8290091
8295402
8297359
8298649
8298653
8301652
8304336
8317503
8318997
8320698
8320699
8325895
8326489
8328452
8334699
8348157
8352282
8353501
8361506
8364546
8364576
8364587
8364588
8364592
8388676
8388765
8392085
8401503
8401537
8401539
8401540
8401576
8401582
8401593
8406497
8408653
8408834
8411997
8412645
8423604
8428751
8430317
8430702
8434615
8434618
8447316
8456809
8477261
8477262
8484404
8486375
8486760
8488849
8490625
8490648
8498830
8499922
8504310
8504498
8514852
8528202
8528210
8528213
8528214
8528239
8528240
8528251
8541862
8554073
8554571
8563749
8571951
8571952
8580427
8584393
8589686
8589691
8589695
8589713
8596935
8598869
8606597
8614422
8617516
8626815
8630491
8634701
8634702
8636348
8640223
8644709
8644737
8650226
8651275
8651289
8651291
8658145
8659540
8659549
8664897
8664902
8664912
8673127
8673469
8675579
8681379
8696334
8696336
8696348
8696350
8702417
8702665
8703060
8703170
8723097
8723681
8723686
8723688
8733901
8751863
8755636
8755644
8755918
8757036
8757037
8768831
8770875
8771169
8776587
8782044
8786069
8786074
8786077
8789442
8789457
8790105
8793927
8797827
8798680
8808595
8808599
8812489
8812725
8817328
8817332
8817341
8818454
8818947
8818951
8824881
8825048
8826446
8826460
8829656
8829657
8834250
8841187
8841188
8845844
8852662
8857020
8862632
8869397
8872475
8894698
8894703
8896559
8896560
8896564
8900227
8900228
8900230
8900231
8900233
8910493
8911608
8911612
8923010
8929944
8933348
8940265
8942889
8944018
8945471
8946173
8948562
8950680
8954020
8955159
8955270
8956049
8961271
8968736
8968737
8968752
8968760
8968763
8981950
8985184
8986632
8988166
8988167
8990006
8990009
8990011
8990018
9002682
9003501
9012405
9012407
9012409
9020840
9021009
9039987
9042911
9043863
9054938
9054950
9056547
9056557
9056564
9063741
9067753
9067755
9090381
9096354
9096355
9097971
9099842
9100579
9101292
9101298
9106527
9106533
9128926
9139825
9140396
9140401
9141542
9143918
9147870
9150725
9150734
9152842
9158138
9158144
9158146
9158148
9158149
9170407
9171822
9171833
9182765
9182770
9185503
9185526
9195225
9198060
9199560
9207800
9207801
9211849
9215670
9215671
9215679
9215680
9222760
9222972
9225964
9226182
9241263
9241266
9242607
9244431
9245994
9246006
9250352
9252398
9254849
9259286
9259288
9266408
9269635
9272736
9279760
9285787
9288098
9292547
9295054
9295073
9295084
9295267
9302281
9326317
9326324
9326342
9326927
9326933
9328353
9328482
9329388
9332663
9336442
9337379
9341885
9341892
9342192
9345094
934735
9354798
9356020
9360529
9360557
9361025
9361030
9361032
9361033
9375914
9377804
9382107
9382140
9382152
9385377
9388506
9391892
9398836
9398839
9399886
9399911
9401004
9409377
9409863
9410897
9412782
9414300
9414313
9425889
9425895
9425907
9430594
9443866
9443877
9443879
9443880
9450775
9450874
9450877
9450904
9450905
9450907
9452043
9462749
9462754
9463313
9463320
9463323
9463332
9463337
9467010
9467011
9467570
9468540
9471561
9482645
9482850
9486973
9489699
9489700
9489796
9490286
9490302
9492098
9497253
9497254
9497259
9497260
9497261
9499425
9500542
9501215
9506662
9507389
9512313
9521587
9521592
9525984
9525992
9529346
9529348
9529361
9536089
9536091
9537412
9538513
9545543
9546340
9571255
9576537
9582072
9582350
9585002
9585601
9585612
9585615
9586546
9589691
9590180
9590287
9590290
9590292
9590293
9590296
9590299
9598720
9600235
9600239
9600244
9603435
9603439
9603736
9618165
9620769
9621144
9621512
9621520
9626142
9632163
9634512
9634533
9643285
9649554
9653161
9660941
9661642
9662406
9667588
9668168
9671268
9671307
9677057
9683584
9683595
9683601
9683607
9683613
9683615
9686362
9686371
9690476
9697698
9700195
9700603
9700610
9703425
9705234
9705240
9709714
9711878
9714007
9714014
9714015
9719364
9727719
9732974
9737771
9744478
9744480
9745456
9745458
9747372
9758606
9758621
9758628
9760197
9762612
9771712
9771715
9781027
9781039
9792859
9792860
9792862
980079
9804340
9806540
9806548
9819448
9823490
9831343
9832031
9832032
9832037
9834209
9837812
9837813
9837815
9837817
9837823
9843043
9843204
9843207
9851433
9851797
9852679
9854118
9856480
9856573
9856856
9878247
9883725
9887333
9887338
9887340
9887375
9887379
9888387
9894833
9915952
9916796
9916797
9916809
9916837
9927684
9931324
9934984
9949200
9950317
9950367
9973281
9973282
9973283
