23034410
17604727
17994087
15652478
20413612
20214803
18760970
18215311
22955976
22453055
20403161
20215419
18186931
19196333
18463306
19406225
20370911
18469162
23363624
22216965
21199797
21775315
23342099
19755563
15937218
19767456
17601824
19633723
20229201
20959416
21571671
22156213
20199675
18945293
20037610
18392026
20360741
23437348
20817720
21312241
22704043
23268654
21392545
21210939
23410827
22418847
23264558
20407023
20407027
20733160
16766679
16973872
19936050
22353177
21143817
19460142
17616659
20167119
12007417
22388699
19917043
15200956
17182867
17721507
22303472
17989254
19564616
20122185
18339653
19553344
17174894
16505370
20300190
22909020
14691248
19939267
22442676
20807255
17965199
23335747
23291876
21912509
20444247
22753475
15592404
12672692
18285502
19815687
17105755
15538371
20062054
17989255
16954541
12624257
21663675
22319597
19961592
21685128
16582102
16274478
22406339
19784364
19758457
15965474
22722851
16954537
15994906
21371551
11679671
15345052
20180025
21911355
15634332
22158467
21186351
18687877
16040653
12919684
23216749
21307183
20668074
21679406
21504877
12919683
17416744
22863067
20044575
12101121
19189423
18402695
21940835
20224791
16849698
18256158
23325850
19942686
11679670
12747828
23570526
12554859
22138974
23071252
20398412
18830242
15774722
19755470
20161724
17306260
15885146
20075255
17359535
22113690
20944086
15325244
23269700
21177969
22559273
12554860
22272770
23572382
21352554
19903869
22489137
18849523
18032731
19170227
19699282
20433717
21219906
17989215
17299599
21901091
17543122
15183728
17805466
18651924
17538623
19765282
14573789
22138860
20561211
22458842
23626677
23185045
19196332
17659282
23612084
21403133
21980368
12844358
12202040
21751852
21670966
21807764
20219930
19267191
15891114
11914277
16117853
22454130
21699734
22747909
19103661
18507836
15978578
20181707
19772667
19328516
19555436
22605339
12812784
19874857
19584097
18430245
22298343
20158877
15782219
22480283
15916721
17543110
22307647
17964270
21762498
20459774
16557291
22962612
22282338
19196471
21606961
20459673
21558790
23226537
17635765
21525786
15258262
20230504
20520714
18714353
23100578
16959252
19397817
21177960
15735639
19585144
18363789
21357774
22492913
16698962
15345049
18312648
19084500
20047695
19889219
15800047
22171334
18653800
19699294
18558089
16750530
18353984
18977439
16824179
22025521
16972323
12769849
15317971
11679672
18521122
21818405
19891781
15660154
16540699
16146523
17589500
21219599
20935160
16669754
23472090
22313525
23166587
19840835
21092324
17942535
18548309
16973894
19889779
18492288
15805478
22585409
17459919
20498841
18511220
20228792
19770025
15310658
20131478
15919954
19585143
20213187
22875808
18603441
20089182
17470535
21640815
21907786
22407387
20483914
22330773
18230126
21113019
20566670
20021554
20660200
22292087
22233149
21718527
19144710
18323537
22953717
18842708
22013051
21085120
19889781
18602455
19353277
22715351
17928340
16474131
17989717
22221297
17922033
19403687
21129974
19793906
22216218
20532037
17933784
21785231
21543500
19107204
21729267
19096705
15994824
22470567
19948768
18042455
18500992
21740560
21810936
15854907
19508715
18047675
19068109
20702459
15105502
21791435
16912324
23660593
21307940
18583537
20676715
22841625
17573847
14691535
20140706
20042113
17322061
22580345
20605486
15901636
15642338
19656888
19146710
17451774
20876853
19055717
22142236
19390579
21443685
22545795
22408181
20620959
15685364
17189346
19854858
21439075
18402656
19328789
18923076
19541914
20423511
17367786
23229173
22894611
23345446
19728068
18596690
22308400
18314482
23627500
15118162
18524951
19889786
22375710
16566924
16126864
23535375
12226481
22662121
12225663
21377523
16140786
19664594
19307293
19351399
18542052
19465578
14999285
17704216
19796675
21627805
22114334
18923441
20621980
19081140
21895886
21984899
16736008
18952845
19144716
19823945
19015728
22160515
22345437
21925386
15851028
21533245
19019961
21602795
18678906
19788742
19920351
18463636
21345962
16207254
23444042
12931144
15944709
12434020
23080016
20559549
17916577
23593307
17652138
21421552
20466808
18571123
23184950
21324897
15722555
21266089
21535467
19881953
18684810
23349041
21816877
14685240
15608278
18392875
17687032
19628731
22844398
15632092
16738409
19951405
11504843
22661375
20933514
21295561
22558167
23329697
17989710
15722536
23071617
15738415
22020071
22504889
19091858
17322031
21346006
20546828
10642801
17570552
18172160
18299284
23512275
12946623
21917547
19082544
17651473
18078843
12808467
22233483
22954617
21767385
20236986
17237358
16471176
21167223
15590942
22708672
17622355
12725740
16699030
19046593
20220842
19324892
15931223
15601474
12679032
23087254
22062548
17855543
