
10396181
10942606
10955905
11005288
11277634
11796031
11847559
11975331
11975337
11975338
11975351
12015599
12034847
12064226
12064229
12066707
12069553
12116424
12116635
12116637
12182405
12553937
12695093
12840035
12894949
15324842
16769509
17079492
17270467
17348945
17419074
17937996
18322464
18394929
18570034
18599319
18811427
19154356
19206153
19209223
192401
19289829
19324778
19386651
19386654
19386658
19477283
19549004
19584929
19586952
19756139
19762599
19794491
19846460
19906674
20034584
20035889
20064621
20110503
20169022
20193767
20203608
20302955
20307675
20332032
20352090
20382658
20394660
20416386
20561133
20723609
20829793
20847260
20877459
20943506
20943522
2104
21079798
21124919
21139029
21177490
21179513
21185388
21193601
21199034
21219336
21252340
212617
21298087
21324380
21327164
21402926
21434928
21437379
21445312
21459485
21501468
21551126
21594020
21616822
21676026
21686310
21693066
21726330
21835881
21853043
21892190
21930220
21949721
22010
22096511
22098923
22103690
22107024
22113035
22178367
22201158
22201529
22207816
222086
222113
22228800
22331450
22357726
22387211
224588
22466797
22519660
22551122
22593086
22605770
22659516
22763354
22765273
22848088
22876252
22877312
22913817
23099516
23136459
231538
23201572
23258410
23311954
233134
23343473
23364323
23396159
23398527
23403226
23606771
237552
23876290
2842657
3041684
3059814
3064450
9459431
9510248
9569666
9667997
