10021368
10022955
10022980
10023077
10027009
10036185
10036975
10036976
10036977
10036981
10036983
10049582
10049584
10049586
10049592
10049595
10051312
10051313
10051314
10051315
10051316
10051318
10051327
10051331
10051332
10051334
10051400
10051404
10051410
10051411
10051567
10051620
10051670
10052456
100557
10066258
10066767
10067860
10070158
10072427
10072431
10072433
10072440
10072563
10072591
10072599
10072771
10072773
10075868
10077527
10077619
10078224
100785
10079223
10079301
10079519
10080185
10086232
10086355
10086356
10087192
10087197
10087198
10087200
10087204
10087207
10087208
10087209
10087210
10087288
10087289
10087292
10087297
10087299
10087300
10087301
10087302
10087992
1008801
1008807
10090398
10092077
10092504
10092857
10094394
10094931
10095055
1009575
10097123
10098454
10100631
10101234
10101257
10102277
1016231
10187812
10191088
10191100
10192391
10192392
10192397
10196176
10196250
10196361
10196368
10196374
10196477
10197158
10198162
10198163
10198174
10198176
10198177
10199912
10199915
10199917
10199918
10199953
10200571
10201988
10203855
10209272
10211958
10213386
1021548
1021597
10216098
10216255
10218442
10220430
10221772
10223204
10224267
10224268
10225949
10226065
10226653
10227293
10227980
10228029
10229662
10229796
10231392
10231569
10231585
10232589
10233703
10233732
10233881
10234005
10235110
10318934
10319263
10321731
10323459
10328999
10329002
10329004
10329421
10329667
10329696
10330001
10330110
10330122
10330132
10330435
10330501
10331948
10331949
10331952
10332027
10333519
10333528
10334875
10337613
10337614
10337616
10337617
10337618
10337624
10337625
10337626
10337627
10337628
10337629
10337632
10338499
10339580
10339587
10341080
10341081
10341082
10341084
10341092
10341094
10341096
10341097
10341098
10341100
10343097
10343110
10343123
10344229
10344281
10344755
103464
10352232
10352281
10353873
10353911
10354363
10358101
10358183
10359786
10359848
10360842
10363833
10363979
10363996
10364231
10366444
10366447
10366448
10366455
10366627
10366722
10369930
10369931
10372556
10373015
10373097
10373328
10373331
10373428
10373468
10374067
10375635
10376525
10377137
10380693
10380702
10381577
10382292
10382959
10383162
10383420
10384036
10384038
10384051
10384052
10384053
10384057
10384142
10386861
10389105
10391207
10391212
10391218
10393218
10393247
10393426
10393429
10393431
10393435
10393440
10393441
10393836
10393954
10395695
10395793
10395797
10395801
10395806
10395807
10397257
10397770
10400986
10400990
10400995
10401003
10401008
10402672
10403781
10403819
10409670
10413402
10419560
10423401
10425919
10427967
10427968
10427969
10427970
10429945
10429950
10430081
10430593
10430663
10430664
10430666
10431243
10431245
10431246
10433265
10433800
10433813
10433968
10435594
10435599
10436030
10436186
10438476
10438878
10438898
10438936
10438970
10441341
10441733
10441734
10441735
10441736
10441742
10441743
10441746
10443995
10444329
10444330
10444332
10444532
10444583
10444590
10446218
10446281
10447508
10448063
10449905
10449908
10449909
10449915
10449921
10449924
10452381
10452857
10452948
10453039
10454363
10454512
10455157
10456327
10458907
10458909
10458911
10460238
10462494
10464175
10464288
10468599
10469308
10471497
10471509
10471720
10473127
10473132
10473596
10474167
10479478
10479487
10479997
10480350
10482543
10482573
10484490
10485458
10485648
10485894
10486202
10486205
10486206
10486208
10486211
10491617
10493778
10493828
10495281
10495887
10497278
10497345
10500213
10500251
10501088
10501837
10501840
10501943
10501944
10501945
10501946
10501947
10501948
10501949
10501950
10501951
10501952
10501953
10501954
10501955
10501956
10501957
10501958
10501959
10501960
10501961
10501962
10501963
10501964
10501965
10501967
10501969
10501972
10501973
10501975
10501977
10501980
10502109
10506756
10508268
10508279
10508505
10508511
10508526
10508587
10508847
10509675
10512684
10515158
10516031
10516425
10516436
10516441
10517317
10517636
10518505
10519414
10520743
10521469
10523337
10523828
10523865
10524203
10524207
10524236
10524244
10526153
10528209
10531313
10531326
10534397
10534401
10534402
10534403
10537137
10541808
10541809
10542131
10542325
10544143
10545116
10545231
10545599
10545603
10547923
10550545
10551889
10552931
10555956
10556294
10556421
10556422
10556423
10556425
10556426
10556428
10556429
10556431
10556532
10559234
10559491
10562538
10564083
10564808
10567576
10570017
10570907
10570962
10571041
10574459
10575209
10575212
10575213
10575216
10575222
10575226
10575231
10575234
10575238
10578063
10580157
10581484
10585447
10585765
10585769
10585780
10587581
10588720
10588954
10590477
10591182
10591541
10591587
10593569
10594179
10594239
10594240
10594242
10594844
10595508
10597135
10597226
10597256
10597273
10598589
10600646
10600881
10601024
10602985
10602986
10602987
10602993
10602994
10602995
10602996
10604301
10605025
10606675
10607744
10607900
10608287
10608860
10609087
10610704
10610721
10610728
10610729
10611333
10612705
10613844
10614646
10614671
10615123
10615136
10615997
10616009
10618398
10622720
10623583
10623609
10627821
10628992
10628993
10628994
10630291
10631556
10631557
1063212
10640764
10640805
10640811
10640815
10640816
10640819
10640821
10640822
10640823
10642556
10644436
10644440
10644441
10644446
10644977
10645946
10645948
10645949
10645956
10647005
10647888
10652278
10653359
10655055
10655497
10655503
10656108
10656187
10656775
10656920
10656923
10656932
10656933
10657238
10657254
10660099
10662544
10662546
10662547
10662549
10663557
10663560
10671517
10673024
10673037
10673281
10673330
10673332
10673337
10673339
10673341
10678263
10680598
10681422
10683448
10684790
10684944
10686478
10688851
10689187
10689196
10689807
10691133
10697961
10698974
10699374
10700458
10700579
10702660
10702663
10702665
10702667
10702668
10702669
10702671
10702676
10702681
10704279
10704281
10704283
10704284
10704286
10704854
10706593
10708484
10708514
10708515
10708516
10708519
10708520
10708524
10708582
10708602
10709991
10712011
10713450
10714680
10715618
10716699
10719795
10721694
10721695
10721710
10721717
10721726
10721728
10722718
10722730
10723722
10723723
10723729
10725249
10727854
10729225
10730880
10733486
10734168
10737774
10738253
10742113
10744778
10747979
10749984
10749990
10753117
10753221
10753500
10753657
10753908
10754099
10754100
10754102
10754112
10756091
10756092
10756097
10756098
10757814
10759892
10760285
10760573
10760791
10761712
10761934
10762661
10763993
10764151
10764796
10765558
10765560
10765561
10766242
10766815
10767360
10767532
10767548
10769753
10770291
10770938
10773458
10773464
10773661
10773662
10773668
10773674
10773678
10773690
10773692
10775102
10776660
10777661
10777668
10779485
10780854
10781587
10781961
10783129
10783135
10783258
10786614
10786627
10786630
10788617
10790402
10790533
10790539
10790540
10790542
10790544
10792765
10794427
10797576
10798444
10799329
10800923
10801981
10803366
10803851
10803853
10805811
10806077
10806358
10807778
10808271
10809783
10811014
10814725
10815801
10818205
10818206
10818207
10818208
10818211
10818213
10822268
10823731
10824118
10825203
10828589
10828593
10828604
10828609
10828620
10828621
10828623
10831843
10831844
10833435
10835400
10835401
10837024
10837026
10837915
10839719
10842102
10843686
10843805
10843807
10850423
10850719
10854409
10854791
10855504
10856884
10857745
10857751
10857753
10857762
10858567
10859366
10860661
10860663
10860664
10860665
10860769
10860829
10861033
10861284
10861288
10862355
10862772
10864439
10864470
10864581
10871196
10871871
10871872
10872802
10873383
10873386
10873387
10873389
10876089
10876093
10876094
10885754
10889952
10890890
10890913
10890980
10890982
10891340
10894496
10894769
10894928
10894929
10894937
10894938
10894943
10894944
10894954
10899141
10899153
10900098
10902704
10903445
10903447
10903778
10903779
10903843
10903847
10903848
10906448
10907850
10910037
10915770
10915774
10918573
10920228
10920230
10920231
10920232
10920233
10920242
10920247
10922379
10926556
10931824
10932191
10933399
10934166
10936049
10940081
10940716
10940892
10941834
10941849
10942421
10945464
10945466
10945472
10945474
10950864
10950922
10950932
10952890
10954598
10956643
10956661
109570
10958083
10958627
10958632
10958634
10958940
10960785
10960791
10961879
10963672
10964513
10964515
10964517
10964519
10964938
10965108
10965111
10965119
10965125
10965126
10965129
10965130
10965133
10965135
10965140
10965142
10965144
10966791
10966927
10967077
10967128
10967137
10967138
10969850
10970095
10972988
10973279
10974033
10974533
10974539
10974554
10975527
10978518
10978835
10980337
10984263
10984455
10984516
10984539
10986112
10989123
10993819
10995569
10995572
10995574
10995579
10995766
10996796
10997788
10998416
11001926
11001929
11002339
11002344
11003197
11003198
11003386
11003391
11003393
11003692
11003693
11003694
11003695
11003697
11003698
11003704
11003705
11003706
11003708
11003710
11003711
11004507
11006113
11006632
11007541
11013070
11013072
11013074
11013078
11013082
11013084
11013085
11013298
11015567
11016428
11016460
11017077
11017920
11021531
11024028
11024178
11027338
11027540
11027578
11027664
11033447
11034547
11042145
11042146
11042154
11044479
11046062
11053246
11053421
11054535
11054537
11054548
11054672
11054779
11056047
11056049
11056054
11058581
11060445
11060450
11060451
11060459
11060461
11060463
11060465
11061032
11061425
11062057
11062307
11062347
11063251
11063253
11063256
11063263
11063728
11071760
11074014
11074018
11076855
11077268
11080586
11080588
11082205
11084049
11084649
11087660
11087662
11087664
11087671
11092553
11092808
11092979
11093941
11094092
11094762
11094766
11097427
11098217
11100271
11101838
11101852
11105390
11105392
11106375
11108251
11108726
11109025
11109545
11111040
11111049
11112345
11112346
11112348
11112353
11112355
11113135
111144
11116088
11116089
11116090
11120354
11121245
11121426
11123034
11123907
111241
11124519
11124535
11124536
11124539
11124544
11129527
11130971
11130974
11130981
11130984
11130985
11130986
11132157
11132158
11132407
11133988
11134256
11136254
11136550
11136708
11137300
11138001
11139514
11141502
11145610
11145965
11151768
11152656
11156618
11156997
11156998
11161783
11161788
11161791
11161793
11161796
11161799
11161808
11161810
11161812
11162494
11162643
11163236
11165476
11166057
11166067
11167012
11167025
11168589
11170746
11170747
11172029
11173542
11175788
11177707
11178108
11178736
11178737
11178743
11178748
11178750
11181548
11181564
11181574
11195349
11195459
11195460
11195461
11196701
11196711
11196712
11197687
11197689
11197690
11208732
11209059
11210178
11210179
11210180
11210181
11210182
11210187
11210191
11210194
11210195
11214969
11220622
11221845
11222494
11225057
11226226
11229364
11230162
11230163
11231300
11233530
11236829
11237714
11238416
11238997
11239002
11241283
11242105
11242111
11244491
11245425
11245989
11247636
11247667
11247668
11247670
11250075
11250076
11250083
11252054
11252166
11252167
11252172
11252173
11252174
11252176
11254699
11255005
11259427
11260262
11261926
11261933
11262228
11263964
11263993
11274051
11274177
11279021
11279525
11282967
11283156
11285235
11287194
11290420
11292658
11294830
11298452
11306621
11306808
11306810
11306812
11306815
11306818
11306823
11309656
11309657
11309658
11309660
11309666
11311165
11311556
11313018
11313147
11313151
11318612
11319557
11319941
11322663
11322776
11322794
11322885
11323419
11323701
11326273
11326277
11326432
11327696
11328963
11328966
11329885
11331379
11331418
11331940
11331941
11331948
11333830
11334716
11335078
11335119
11336497
11336659
11336981
11337941
1133851
11341770
11342599
11342641
11345588
11350118
11350121
11350123
11350126
11352561
11352562
11352567
11352992
11353387
11353388
11353389
11353399
11353827
11355574
11356033
11368898
11374899
11374901
11374905
11376942
11378382
11381025
11381032
11381063
11381084
11381262
11386749
11386752
11386758
11386759
11386760
11386761
11390390
11390985
11393796
11398968
11401431
11401434
11401440
11401441
11401444
11401446
11401449
11403854
11404000
11404002
11404011
11404018
11404023
11404026
11404393
11408484
11410366
11414753
11414759
11414760
11415940
11416212
1141682
11417892
11418657
11420610
11420611
11420618
11423214
11423533
11425891
11427320
11431695
11435442
11435705
11435708
11435709
11438585
11438740
11439324
11440986
11441184
11441537
11447267
11449277
11450694
11454769
11454925
11462045
11463338
11463718
11465094
11466397
11466609
11467416
11467843
11468771
11470505
11470509
11470536
11471050
11471051
11471052
11471054
11471062
11471063
11471064
11472060
11472062
11472065
11473059
11474184
11474187
11474189
11474193
11474208
11475331
11478809
11479226
11481034
11482882
11483206
11483211
11483356
11483358
11484085
11485319
11486040
11486276
11487633
11489895
11489951
11489994
11490025
11491533
11491539
11494126
11500029
11504925
11504943
11507212
11513551
11515095
11515104
11518254
11520680
11521507
11523702
11523704
11525062
11526197
11526516
11527402
11527931
11528112
11528125
11528126
11528127
11528393
11529272
11529273
11529276
11529277
11529278
11532991
11534816
11535651
11535821
11543625
11543637
11544178
11544190
11544198
11545713
11546806
11549317
11549321
11553915
11555487
11557033
11560912
11562346
11562361
11564724
11566096
11566361
11567633
11568309
11571211
11574691
11574907
11578866
11581173
11584065
11585919
11587854
11587857
11587997
11591317
11591652
11591709
11591818
11595174
11597141
11597142
11597144
11597145
11598925
11604102
11641222
11641716
11641717
11641718
11641723
11641724
11641725
11668391
11668394
11668396
11668677
11673526
11674995
11674998
11679445
11682476
11682631
11685458
11685461
11685471
11685472
11687277
11687289
11687536
11688560
11688972
11691846
11697791
11698278
11700028
11701952
11701955
11701957
11701958
11701968
11704805
11705892
11707070
11707073
11707078
11707574
11707774
11707775
11707776
11709546
11711534
11714762
11714798
11714849
11714850
11722848
11723074
11723121
11725301
11728339
11729223
11731243
11731273
11731492
11731499
11731500
11731506
11735217
11735218
11735219
11735224
11735226
11735227
11735228
11737945
11738818
11739537
11739540
11741991
11743578
11744391
11745392
11746828
11747200
11747469
11747609
11750125
11751202
11751410
11751755
11752409
11753387
11754004
11756344
11762190
11764985
1176777
11773012
11773200
11773201
11773599
11773602
11773963
11773968
11774238
11777956
11779183
11779807
11779826
11779834
11780064
11781239
11781823
11782015
11782285
11783948
11784021
11784080
11784316
11786226
11786923
11788823
11789617
11791440
11792855
11796577
11797096
11797098
11797099
11797100
11797105
11804785
11805063
118077
11808632
1180875
1180877
11810268
11812002
11813303
11819726
11820814
11821390
11826145
11827453
11827455
11827460
11827466
11827943
11829483
11829485
11829488
11829493
1183299
11835574
11836406
1183807
11838530
11839593
11840334
11842132
11845283
11845285
11845287
11846517
11850623
11852232
11854326
11856874
11856881
11856889
11856890
11859927
11861570
11862393
11862404
11862405
11862406
11862414
11863365
11863368
11863370
11863373
11867209
11867214
11869186
11871859
11872162
11872687
11874916
11875023
11875045
11881823
11884477
11884638
11889132
11889553
11889554
11889558
11891043
11891057
11891065
11891222
11891983
11892998
11893245
11893659
11893692
11893704
11895855
11897010
11900971
11907139
11908709
11908948
11912185
11912495
11913780
11919667
11919682
11919684
11929860
11930176
11932403
11937300
11937580
11944978
11944981
11953986
11954676
11956126
11956138
11956177
11956760
11957111
11958544
11961095
11962625
11964405
11964553
11973013
11973311
11973313
11978773
11978849
11978985
11978988
11979549
11985881
11988087
11989692
11990753
11991715
11991718
11991721
11991723
11991724
11994421
11997338
11997514
12006675
1200981
12010793
12011452
12014706
12015320
12016511
12019322
12021134
1203051
1203052
1203054
12032320
12034493
12034499
12034501
12036291
12036579
12036583
12039048
12040188
12042312
12042883
12044964
12045143
12045206
12045468
12047746
12052840
12054543
12055667
12058252
12058253
12058254
12062093
12062808
12062809
12063400
12063408
12063409
12063410
12065749
12070777
12070778
12073147
12075009
12076089
12079281
12079282
12079283
12079288
12080145
12082633
12084055
12086944
12088875
12089334
12089527
12095674
12095676
12095677
12095680
12095690
12095702
12097289
12101011
12106247
12107726
12112872
12114523
12114535
12115029
12115030
12115031
12115247
12118100
12118102
12119101
12119102
12127776
12133956
12133995
12134027
12137942
12137943
12137944
12137953
12140188
12140190
12140191
12140680
12140681
12140760
12142541
12142728
12144559
12144812
12145752
12149401
12149518
12151094
12152619
12160722
12160726
12160731
12160734
12160738
12161465
12161597
12174196
12176051
12176933
12177162
12183685
12185457
12185459
12185601
12186974
12191433
12195036
12195039
12200366
12202404
12202954
12204267
12207892
12209292
12213196
12213197
12215897
12220106
12222967
12226705
12226706
12226709
12226710
12226711
12228223
12231556
12234672
12234675
12242005
12242242
12242590
12242647
12244319
1225760
1225761
1225763
12351194
12354625
1235912
12359214
12359334
12360413
12367519
12367585
12368914
12369778
12370778
12376090
12376095
12376098
12383500
12383505
12383506
12384295
12384296
12384300
12386294
12388777
12388789
12389094
12389096
12391165
12392169
12393798
12394278
12395324
12396730
12399393
12403827
12406883
12408962
12408965
12408966
12408969
12410230
12411323
12412015
12414538
12419843
12420131
12421721
12424248
12424524
12427559
12431851
12436047
12436049
12437987
12438443
12438708
12438720
12438745
12438746
12438747
12438748
12438750
12438752
12438760
12439624
12439655
12441405
12444059
12446734
12446833
12448766
12450124
12451109
12454078
12454860
12459252
12459263
12459264
12461645
12461646
12464437
12465884
12466854
12466855
12470976
12473685
12477380
12477808
12481985
12483212
12486698
12487024
12490544
12496157
12499391
12504849
12504851
12504852
12504856
12504857
12504858
12504895
12506099
12506350
12509261
12514187
12514215
12514744
12514745
12514747
12517788
12517969
12524234
12529315
12532263
12532264
12532266
12533510
12537567
12539044
12543795
12547228
12547704
12548288
12559566
12562828
1256555
12566386
12568393
12568726
12573256
12573259
12573260
12573541
12576479
12581788
12584442
12584607
12584609
12588290
12588798
12588951
12589770
12591164
12592396
12594041
12594048
12594244
12594249
12595899
1259704
12609610
12614028
12617721
12618864
12618911
12620974
1262696
12627228
12631242
12631243
12638235
12642674
12642876
12646235
12647240
12647241
12648495
12654824
12657702
12658711
12659663
12659817
12663494
12663500
12663540
12663542
12670997
12671000
12672660
12676561
12676567
12679098
12682774
12682776
12682777
12684850
12689335
12689589
12696059
12697906
12697907
12698287
12700166
12700171
12705904
12706888
12706902
1270792
12711318
12711385
12711387
12711388
12711389
12713489
12713579
12718980
12719372
12719377
12719555
12721631
12724780
12727230
12733005
12735796
12740444
12745078
12746324
12746468
12746874
12746919
12750384
12753872
12756063
12758124
12759418
12761567
12762575
12764133
12765967
12765969
12766041
12766169
12771232
12777963
12781363
12782126
12782129
12782578
12783067
1278673
12791385
12791695
12794064
12794091
12794114
12794840
12796779
1279691
12801629
12801634
12805272
12809620
12810064
12810194
12810665
12810823
12810825
1281194
12812985
1281307
12817022
12819140
1282084
12823437
12823902
12828934
12829787
12832620
12833159
12836671
12837266
12837267
12837688
12837695
12837957
12839623
12840045
1284028
12843293
12845499
1284644
12847546
12850274
12853031
12853149
12855593
12855677
12855751
12856282
12856284
12856285
12857750
1285906
12859623
12861998
12865330
12865502
1286802
12872135
12872245
1287475
12875843
12879358
12881723
12882366
12882911
12882938
12884978
1288897
12889067
12889070
12891551
12893283
12893462
12900566
12900584
12901790
12903840
1290451
12905154
12909348
12909363
12909633
12909716
12910270
12914701
12915309
12915475
12917430
12920233
12920489
12923163
12925734
12925882
12925893
12925894
12925895
12929939
12930754
12930764
12931787
12932298
12932304
12941270
12941805
12941815
12943368
12944377
12944977
12953790
12954984
12958152
12958313
12960309
12964049
12967986
12970338
12971999
12972007
12974501
13002376
1301170
1302014
1302022
1302605
1303252
1303276
13103353
1310954
1311260
1311971
1313808
1315305
1315306
1315307
1316530
1319394
1319398
1319776
1320243
1321343
13227156
1322799
1323278
1323611
1324224
1326608
1326990
1327207
1331236
1332196
1333116
1335956
1339316
1339387
1345906
1346389
1346742
1346779
1346782
1346798
1347284
1347469
1347470
1347472
1347473
1347475
1347476
1347477
1347918
1347950
1348427
1348494
1348690
1349539
1349573
1349580
1349581
1349587
1349842
1350108
1350294
1350556
1351769
1351875
1351877
1352157
1352160
1352161
1352323
1352886
1353383
1353694
1353738
1353983
1354242
1354596
1354597
1354638
1354640
1354641
1354644
1354645
1354647
1354648
1356977
1358284
1358285
1358794
1358795
1358796
1358803
1358806
1358808
1358811
1358813
1359870
1359872
13599016
1360278
1360279
1360280
1360439
1362101
1362103
1362181
1363091
1363267
1363541
1363815
13654621
13679022
13679025
13679026
13679380
1370487
1370812
1371115
1371136
1371481
1371498
1371499
1371941
1372902
1374101
1374899
1376319
1377062
1377165
1377168
1378069
1378416
1378630
1379092
1379499
1379621
1380418
1385049
1385302
1386365
1386425
1387105
1387109
13901431
13914573
13955956
1395724
1395725
1395729
1395731
1398057
14009199
1401878
1401899
1404614
14051862
14051864
1408147
14086179
1409609
14098314
1412798
1415249
14167577
14170399
1419902
1419907
1421760
1421765
1421767
1421769
14224656
1423603
1424807
14248461
1426644
14276177
1427822
1427837
1427844
1427845
1427853
1427864
1427867
1427878
1427890
1427910
1427919
1431103
14328418
1433507
1445184
14487977
14499433
14500367
14500689
14500813
14501589
14504229
14504233
14504237
1450512
1450513
1450517
14507332
14509827
14513297
14514657
14514722
14514757
14517553
14519200
14519689
14521994
14527725
14530301
14532328
14550293
14555993
14556008
14557068
14557257
14557652
14559211
14559359
14561872
14562055
14562056
14563018
14563409
14563677
14566047
14568935
14569139
14571137
14572467
14573483
14577615
14578173
14581519
14583591
14583634
14585495
14585507
14585816
14592843
14592847
14592969
14593185
14594209
14594211
14595440
14597572
14600027
14603322
1460423
14611804
14612400
14612590
14614151
1461646
14620960
14623103
14625281
14625408
14625412
14625548
14629110
14630516
14630819
14634209
14634635
14637162
14645126
14645204
14645508
1464612
14649375
14655014
14656967
14656972
14659875
14660436
14662843
14662855
14664809
14667144
14667146
14667817
14667822
14667833
14668445
14675769
14676273
14679059
14679300
14680828
14681055
14681692
14682057
14685273
14686897
14691112
14693372
14693377
14693722
14693723
14694903
14694905
14695177
14695330
14695357
14696968
14697215
14697507
14697515
14697523
14701919
14702042
14704188
14706451
14706453
14706456
14706459
14706786
14707111
14707179
14715272
14718357
14718514
14718516
14722362
14722723
14723793
14724733
14724734
14724736
14725902
14726448
14726450
14727108
14727138
14727813
14729266
14729956
14730302
14730304
14735163
14738882
14739220
14744041
14746906
14749381
14749438
14749728
14751570
14752160
14755058
14757431
14762062
14762398
14765991
14767162
14769939
14770295
1477475
1477476
1477478
14779004
14780203
1478650
1478665
1478666
1480182
14802993
1486806
14872007
1495987
14960011
14962667
14962668
14962976
1496419
14966277
14966677
1496786
14974682
1497675
14980505
14981222
14983036
1498443
14984930
14988159
14990867
14993241
14994267
14994542
14996723
14996992
14999024
15003116
15004243
15005846
15007068
15009278
15010812
15012624
15014044
15014968
15014970
15019986
15019995
15019996
15020475
15020476
15025820
15028287
15034079
15037589
15039225
15043217
15043220
15044376
15044845
15053963
15056934
15058378
15058379
15058380
15058381
15058382
1505952
1505953
1505954
15060001
15060151
15064728
15067091
15068970
15070709
15071178
1507224
15073180
15081109
15081110
15081367
15082713
15084914
15087120
15087446
15094197
15095873
15100712
15102943
15107847
15110722
15112102
15112103
15112104
15112105
15112106
15112107
15115764
15117419
15118109
15118851
15121843
1512260
15122758
15122917
15124225
15126408
15131800
15136139
15138197
15138636
15150098
15150159
15155459
15161628
15161764
15161859
15162429
15166164
15169908
15170222
15170223
15170224
15170225
15170228
15175240
15175647
15177549
15177550
15177554
15177555
15177563
15177566
15177568
15177571
15181017
15181534
15181535
15181537
15181538
15181539
15181540
15183307
15186259
1518820
15188443
15196236
15197169
15198975
15201610
15202009
15202010
15203200
15203203
15203212
15203213
15203215
15203217
15208631
15208665
15209400
15210109
15210771
15210844
1521164
15215324
15215867
15217331
15218247
15222314
15223349
15225218
1522559
15226265
15231714
15233997
15234340
15234981
15236666
15238534
15238537
15245428
15254013
15254015
15259017
15265785
15271968
15274657
15278437
15278498
15280500
15281082
15283996
15284200
15286030
1528849
15289434
15289472
15289605
15289881
15289886
15289901
15293213
15294692
15294944
15297702
15302403
15304967
15305064
15306695
15309345
15310658
15310659
15312250
15314098
15314181
15314648
15314659
15315756
1531670
15319471
15322776
15325280
15327781
15328353
15329828
15331434
15331780
15332441
1533386
15336958
15336983
1533802
15339634
15340049
15340066
15340121
15343150
15345681
15347914
1535334
15353999
15355860
15355875
15357420
15361580
15363845
15364901
15364904
15365296
15366371
15368084
15371360
1537334
15373903
15378297
1537850
1537861
15381061
15383460
15383531
15384169
15384171
15385554
1538753
15389316
15389318
1541833
1543901
1543902
1543903
1543904
1543906
1543907
1543910
1543911
1543912
1543913
1543915
1543918
1544329
15452126
15454552
15457339
15457340
15457341
15457343
1545798
1545799
15459175
15461667
15465492
15466422
15469847
15472464
15472465
15474461
15475244
15475251
15475261
15475263
15475264
15477360
15479948
15481534
15482472
15483205
15489519
15489520
15492387
1549575
15496924
15498464
15498858
15499019
15499407
15503007
15503243
15504353
15507116
15508023
15509702
15514201
15515002
1551676
15516976
15519297
15520881
1552159
15524312
15525354
15526289
15526800
15528770
15529344
1552943
15530921
15531368
15533722
15533813
15534693
15536567
15537664
15541636
15542029
15542033
15542836
15542845
15542848
15542853
15547446
15549416
15549469
15550542
15551356
15561960
15561967
15561968
1557040
15574822
15579706
15588578
15589166
15589170
15591122
15592418
15592501
15596523
1559696
1559701
1559702
15597075
1559716
1559717
15601861
15607428
15607429
15608638
15611179
15611268
15611280
15613475
15619674
15619962
15620220
15623751
15629430
15630379
15633125
15634360
15634937
15637305
15640362
15640798
15642954
15647114
15649944
15650876
15654110
15657107
15661756
15664912
15670717
15670764
15672590
15672592
15672593
15672594
15672595
15672596
15673606
15674375
15674385
15674730
15676279
15678492
15679082
15683449
15685547
15687294
15687484
15690355
15693014
15699148
15699352
15705776
15707895
15710876
15711545
15711547
15712236
15712335
15714255
15716976
15718100
15720718
15721633
15722373
15722412
15722415
15722552
15722603
15723280
15723342
1572534
15725393
1572636
1572642
1572654
1572655
1572665
1572667
15728779
15729333
15729571
15731075
15731517
15735010
15743807
15744049
15745951
15747580
15748210
15750594
15751084
15755804
15755806
15757516
15758440
15758441
15760467
15761081
15761851
15763989
15765048
15767852
15769825
15769905
15772254
1577480
15776420
15778864
15780750
15780751
15780752
15780994
15781580
15781699
15788535
15790735
15793261
15799711
15800200
15803197
1581363
15814708
15814738
15815631
15815685
1581629
1581630
1581633
1581634
15817156
15820304
15820310
15820311
15820315
15820316
15822604
15824121
15824847
15826874
15827139
15828125
15834632
15837804
15838507
15843399
15847847
15850792
15850810
15852006
15854041
15854131
15855353
15859351
15859352
15859354
15859356
15859357
15859358
15865208
15870394
15871460
15871462
1587271
1587550
1587551
15879509
15879512
15883645
15895081
15897714
15900494
15902260
15904718
15905332
15905556
15906378
15907208
1590732
15908950
15908953
15911579
15916118
15917267
15917799
15921521
15922294
1592235
15922957
15924554
15930497
15931593
15937080
15938754
15939889
15940272
1594250
15944188
15944354
15947737
15950183
15953538
15953540
15956577
15965475
15965783
15965785
15967723
15971254
15971274
15973461
15979798
15992587
159937
15995705
15997185
15998581
15998716
16001410
16002694
16002707
16005990
16009447
16010027
16014929
16014973
16015370
16015371
1601886
16020793
16023307
16024787
16024820
16026622
16033865
16036223
16036435
16040962
16054618
1605854
16059892
16075368
16078272
16081819
16084593
16085706
16086382
16093251
16093645
16093647
16093716
16094675
16096065
16097084
16103204
16103912
16104378
16104379
16104380
16104381
16104382
16105698
16106751
16111892
1611218
16118194
1611911
16121213
16123339
16123376
16123747
16125675
1612587
1612602
1612611
16126194
16126366
16126904
16127461
1613076
1613559
16139472
16142231
16151693
16151694
16157679
16159887
16159911
16160826
16166290
16167084
1617215
1617216
1617217
1617218
1617221
1617222
16172259
1617226
16172501
16174646
16174781
16176386
16177100
1617730
16179420
16180137
16180138
1618025
16181749
16183214
16183656
1618394
16185820
16186328
16200063
16200066
16202542
16204191
16204209
16206875
16208538
16216419
16219638
16223880
16227995
16227996
16229975
16244325
16244655
16245023
16245025
16245026
16252261
16254318
16257142
16258954
16261417
16261418
16261419
16266699
16269905
16272339
1627461
16274753
1627536
16280085
16284798
16284799
16285949
16288200
16289749
16293761
16299394
16303260
16303964
1630810
16308420
16309881
16311015
1631128
16316328
16321990
16322559
1632590
16330764
1633105
16331598
16338823
1634045
16341215
16341671
16343975
16354792
16354795
16354937
16356265
16357105
16359856
16365433
16365832
16368222
16371023
16373612
16380418
16380713
1638084
1638085
1638088
16383135
1638977
16393949
1639401
1639403
1639406
1639415
16395389
16397132
16397217
16397882
16408247
16416088
16425035
16425036
16426780
16426902
16429160
1643305
1643306
1643307
1643308
1643310
1643311
16435023
16436183
16436185
1644288
16443792
16447055
16447060
16452186
16452998
1645445
16455231
16455232
1645798
16458428
16461637
16462742
16462745
16462940
16464983
16465591
16465594
16465597
16466971
1647018
16481151
16482403
16484617
16488112
16489219
1649508
16496311
16496424
16497723
16502340
1650385
16504174
16505357
16514474
16517735
16517746
16523244
1652607
1653760
16541461
16543368
16545150
16547111
16547259
16550170
16554742
1655578
1655629
1655630
1655644
16556729
16556985
16565360
16567543
16569686
16569774
1657464
16575184
16579977
16581979
16582102
16582439
16585790
16586494
16587226
16587426
16595169
16595606
16596451
1659665
1661811
16618939
16620771
16622016
16622195
16624897
16628224
16631325
16632484
16636131
1664410
1664412
16644143
16648467
16648588
16651692
1665374
16670015
16679719
16682971
16684769
16684884
16685081
16687444
16688528
16688529
16688531
16688532
16697553
16702402
16705021
16705022
16707424
16709856
16710777
1671218
16713414
1671668
1671854
1672162
1672292
1672293
1672298
1672300
1672660
16728723
1673105
1673964
1674500
1674728
1674733
1674997
1675191
1675194
1675432
1675982
16762493
16763287
1676674
1676977
1676978
1676979
1676980
1676981
1677769
16782841
16783634
16783635
16783639
16783640
16783641
16783642
16785251
1678855
16792557
1679325
16793654
1679743
1679744
1679748
1679753
16799046
16799992
1680050
1680234
1680375
16803863
16804088
16807745
1680807
1680810
1680926
1680927
1681432
1682057
1682216
16822657
1682866
16832355
1683707
16837500
1683831
16840795
1684099
1684177
1684224
16842493
16842916
1684331
16845472
1684639
1684949
1684952
16849633
1685135
1685136
1685137
1685142
1685143
1685478
1685480
1685485
1685889
1686014
1686016
1686018
16860389
16862160
1686470
1686571
1686572
1686837
1686838
1686839
16869724
16869725
16873534
16873689
1687470
16875466
16879634
1688933
1689261
1689463
16897342
16897347
16899052
16910173
1691313
16918699
16919419
1692584
16926270
16930550
1693096
16934000
1693656
1694015
1694207
1694218
1694232
16943797
16946080
16951076
16953841
16959883
1696008
16962269
16964440
16964445
16964447
1696731
1696927
16979184
16982899
16982900
1698554
1698556
1698557
16988259
1699290
17002585
17004940
17008533
17010097
17010098
17010155
1701153
17019649
17022820
1702294
17024130
17028340
17029558
17035062
1704135
17046758
17049325
17050856
1705320
17060928
17062724
17065522
1707031
17081266
17082620
17082662
170908
17091317
1709450
1709495
1709914
1710116
17103052
17103053
17110492
1711220
1711435
1711436
17114464
1712312
1712888
17130511
17131200
1713249
1713603
17151250
17156279
17159911
1716634
17174013
17179051
17179069
1717995
17185011
17185055
1718647
1718744
17189592
17197561
17202188
1720548
17213866
17219777
17220891
17223009
1722687
17237410
1723950
17241468
17242861
17242862
17244351
17245610
17245945
172460
17246029
17246039
17246054
17246260
17246610
17247190
17248484
17248564
17248765
17250610
1725581
17258727
17268172
17273929
17273973
17277141
17277741
1728030
17283335
17287827
17291455
17295603
1729708
17298173
17308992
17311004
17312006
17312155
1731353
17317786
1732746
17329413
1733742
1733847
1733852
1733860
1733861
1733864
1733867
17339210
17339341
17351108
17353998
1735560
17360558
17361202
17362354
17363568
17367875
17371164
17371996
17372026
17378526
1738193
17382885
17387143
17400334
1740345
17404284
17404289
17406662
17409088
17409112
17410201
1741260
17412788
1741389
17415614
17416748
17426289
17430614
17430621
1743079
17439488
17439653
17442045
17442096
17442300
17451375
17454003
17456791
17470785
17473173
17474149
17475678
1747752
1748176
1748282
1748305
17483321
17483418
17483424
17485926
17486412
17488888
17493847
1749428
17495347
17496333
17506901
17507680
17509843
17514348
17515402
1751544
17517159
17520166
17525270
17534071
17536020
17541685
17543594
17548658
17549450
17551771
17551791
17553482
17554337
17557176
17566079
17572385
17575072
17595448
17598916
17606467
17607692
17608931
17619104
17619875
17622642
17623803
17637742
17641228
17641813
17646494
1765007
1765260
17653278
1765368
1765383
17656108
17656373
17656374
17660683
1766673
17668377
1767338
17675504
17686043
1768617
1768618
176891
17694346
17696997
17698510
17698926
17703301
17704327
17709344
17709541
17719550
17720922
1772416
1774063
1774064
1774067
1774069
1774075
17765889
17766470
17767904
17767948
17784788
1779432
17803194
17804484
1783296
1783375
1783379
1783386
1783391
1783403
1783431
17851470
17855626
17884746
17906893
17913702
17916774
17922105
17923094
17931734
17933476
17936574
17936576
17938903
1794043
1794044
1794045
1794046
1794049
1794053
1794055
1794057
1794058
17947409
17954925
17969459
1797229
1797230
1797232
1797233
17975676
17984064
17991808
17996456
1799791
1799792
17998386
18001149
18006632
18008102
18025196
1802718
1802805
18028142
18031680
18037656
18048852
18056379
18056448
18057254
18066620
18069898
18075201
18077508
1809353
18096721
1812135
18160786
18162518
18171722
18175213
18177347
18179704
18189309
18194468
18197246
18198308
18199428
1820019
1820020
18203756
18209064
18227763
18239664
18245825
18245833
18245842
18245844
18248096
18250320
1825055
18253157
18255203
18256137
18256237
18256238
18262506
1826267
18263894
1826681
18268037
18280008
18280673
1828262
18285563
18286334
18286572
18288093
18288524
18288525
18292807
18300945
18305463
18311719
18313864
18316591
1832015
18329372
1832957
18331719
1833184
18337500
1834169
18344449
18344982
1834548
18346281
1834762
18353305
18356551
1835670
18362393
18362883
18363199
18363849
18363851
18363852
18363856
18363857
18365019
1836514
18369453
1837533
18379846
18385114
18390736
18391548
18392654
18397875
18397992
18398819
1840559
1840565
18408721
18414419
18416604
18421376
18430949
18435578
18439298
18442308
18450745
18456734
1845910
1845916
1846043
18463153
1846950
1848043
18480470
1848528
1848663
1849209
18493081
1849321
18501945
18503028
18509705
18521666
18535661
18539113
18544662
18547816
18552208
18553168
1855816
18562673
18563486
18565564
18573896
18593862
186024
18606685
18606784
18606814
1861068
18616609
18628340
18629060
18632552
18636290
18650334
18653645
1865393
18654634
18655795
18662396
18662770
18669894
18671875
18675325
18677469
18682557
18684867
18689897
1869307
18693272
1869533
18700840
18701810
18704499
18707223
18710940
18713466
18713754
1871601
18716327
18718526
18721260
18721828
18725948
1875909
18763016
18767929
18771733
18772436
18772481
18773073
18779319
18779380
18780836
18784733
18787898
1879353
18793707
18794526
18796533
1880050
1880421
18804520
188049
18805803
18806225
18815268
18815613
18815833
18817551
18818690
18821597
18823589
18826434
1883319
18836772
1883968
18843275
18845793
18849587
1887331
1888698
1889746
1889803
1889807
1889814
1889819
1889822
18931681
1893875
18941230
18948632
18949514
18951953
18953034
18955473
18955558
18958524
1896073
1896452
18974039
18981096
18982013
18984615
18984673
18984741
18986647
18987190
18987332
18988810
18988887
19002527
19004860
19007852
19008751
19008955
1901427
19015308
19015841
1901777
1902180
19036983
19037259
19043405
19048365
19052728
19058562
19061424
19066216
19066325
19067046
19068278
19070574
19074312
19076633
19077119
1907799
19083055
19092797
19103199
19105829
19107586
19119139
19120064
19122164
19122174
19123034
19126752
19130624
19132132
19137372
19142977
1914527
19147168
19150398
19150426
19150498
19152335
19153141
19154607
19155299
1916246
19167349
1916807
1916820
1916827
19168892
19173005
19174520
1917541
19179303
19180231
19182780
19187775
1918990
1918991
19191878
19194500
19194513
19196968
19200453
19201855
19202056
19208906
1921313
19218235
19218456
19218603
19219044
1922066
1922069
19226188
19226189
19233202
19234197
1923524
19235720
1923796
1923811
19238339
1924325
1924386
19244132
19251590
19254928
19255062
19258432
19261693
19261723
19261867
19265154
19266052
19267930
19297026
19306044
19306844
19308643
19329343
19336533
19336673
19337678
19341723
19345119
19347398
19351399
19351902
19357277
19357765
19360106
1936125
19363478
1936961
1936982
19379485
19381020
19383632
19387734
19389353
1939220
19399551
1940283
19403274
19407009
19409822
19413645
19417010
19417206
19419305
19419307
19426526
19436065
19436067
19444506
1944806
1946451
19465912
19470612
19470805
19474196
19483097
19487472
19487571
19491376
19513787
19513789
19513791
19520794
19522984
19525392
1952623
19528658
19535546
1954036
19543271
19567786
19574546
19578028
19578180
1959604
19602834
19603522
196096
19609923
19614604
1961720
19619625
19620281
19620781
19622765
19624305
1962752
1962754
19637338
19638241
19640321
19641964
1964443
19652078
19654412
19662162
19666503
19666602
19666993
19669234
19675160
196770
19679561
1968040
1968044
1968046
1968049
196814
19682372
1968507
19691874
19692485
1969386
19694818
1969609
19696885
1969921
1970329
1970330
1970331
1970332
1970335
1970336
19703589
19705113
1970547
1970795
1970799
1970800
1970801
1970802
1971250
1971251
1971252
1971301
1971757
1971786
19718279
19720120
1972280
1973136
1973141
1973143
1973144
19732867
19733691
1973375
1973376
1973377
1973379
1973380
1973410
1973682
19737517
19737860
1974568
1974816
1974892
19753101
1975480
1975491
1975791
1975828
19759313
19760323
1976088
19763162
19763165
1976511
19766595
19766735
19772620
19774366
19775457
1978328
19783679
1978715
1978716
1978834
19789284
1978939
1979024
1979062
1979065
19795140
1979660
1979872
19805821
1981050
1981051
1981053
1981054
1981055
1981056
1981057
198184
19819304
1981992
1981995
19820922
1983115
1983472
19837698
19846887
1985022
1985210
19861498
19865103
19865104
1987055
19877283
19884661
19887631
19897601
19901263
19907078
19913606
19914182
19915610
19915612
19918361
19920351
19922774
19922871
19923465
19924099
19924295
19925689
1993180
19934005
19934337
19940141
19941823
1995474
19956733
19958391
19966784
19966810
1999355
19996321
2000388
20007538
20007998
20012967
20016096
2001681
20018631
20022248
20026326
20031637
20032200
20033183
20033184
20033694
20044538
2004550
2004558
20046882
2004758
2004762
2004777
2004781
2004788
2004789
2004790
20048158
20051556
20054062
20056793
2005907
20060398
20071672
20072615
20080754
20089971
20096683
20100937
20103786
20106867
2011396
2011795
20127486
20130004
2013230
20133902
20135320
2013688
2014169
20153322
20157820
20160132
20164425
20170899
2017186
20178780
20182879
20190759
20194968
20204375
20207741
20209439
20212136
20219826
20220769
2022949
2023940
202651
20308563
2032718
20336083
2034278
2034279
20347762
20363978
20364144
20368343
2037291
2037292
2037293
2037305
20387063
20388837
204014
20404168
2040451
2040452
2040456
204065
20407478
20423963
20435933
20439722
2044153
20442411
20445563
2044959
20450902
2045113
20457904
20460369
20466976
20473506
2049054
20502676
20511334
20512339
20518897
20520596
20524000
2052565
2052619
20529291
20530203
20531941
20534472
2053595
20536544
205481
2055107
2055114
20551146
20551147
2055457
2055458
20558669
20562441
2056490
20569426
20571108
20576932
20577052
20610531
20610646
2062660
20627939
20628639
20637182
20639904
206412
20644725
20663891
20673990
2067848
20686773
20688780
20696673
20700597
20704721
2071145
2071146
20714347
20718853
20722722
20731721
2076813
20807240
20808911
20809182
2081600
20816665
20824097
20826782
20829066
20837540
20854825
20855625
20858711
20861860
20872835
20876567
20886216
208984
2090373
20923982
20931200
209463
20954177
20956523
20959479
20963592
20966433
20967545
20978358
21030601
21045126
21052544
21060820
21062742
21070968
21078623
21080971
2108401
21085707
2110545
2110546
2110547
2111155
2111277
2111342
21115969
21116635
21118898
21124890
21129161
21131974
21135228
2115001
21151569
21151910
21167066
21170743
21172659
21179467
21179499
21185315
21193012
21196518
21206921
21209025
21210123
21212184
2121365
21214893
21217009
21217823
2122529
21238448
21242536
2124963
212501
2126192
21262862
21281820
21292980
21302256
21305688
21307079
21317888
21321132
21324158
2133108
21335485
21347845
21347846
21350176
2137109
21377456
2138787
21388497
2138915
21390212
2139228
2139460
21397847
21398278
2140193
21406540
2141254
2142677
21427413
21429970
21436051
21444760
21451961
2147228
21479780
21482794
21494628
2149559
21515572
21525387
21529712
21529713
21529909
21543122
2154694
2154750
2155154
21554534
21559415
21565963
21576457
2159050
2159567
2159965
21616085
2162045
21622629
21628518
2164461
2164472
2165966
21664424
21666791
2166832
2166945
2167232
2167288
21705682
21705752
2170987
217167
2173141
2175614
21756881
21757581
2175917
2176709
21803452
21810984
2185890
21915269
219245
2193291
219475
219476
21976956
21978078
21984899
21998599
22022387
22032291
2203673
2204029
22045912
22056358
22066001
2209083
2209090
2209467
22098762
22110092
2212699
2212703
221612
2222810
22241984
2227380
2228046
22291891
22294616
22297639
22303453
22305187
22322356
2234061
22359631
22371272
22471526
22487465
2249852
2249881
2250094
22565307
2257946
22580155
2258033
2258057
22588897
22615734
2263635
2264930
2265557
2265562
2265564
2265565
2265572
22662199
2267629
2267633
22684987
22692684
22693207
2270487
22723961
2272504
2272505
2272506
2272507
2272509
2272514
2272521
22732593
2276745
22805347
22814868
22843548
22859403
2286379
2289471
22912808
22916247
2293021
2294398
22955976
2296080
2296595
22970191
22974136
2298464
22988020
2300051
2300057
2300558
2300571
2300582
2303033
2303252
2303785
2304901
2304907
2305264
2307468
2307472
2307474
2307475
2308957
2316021
2320565
2320577
2322568
23226525
2323338
2323558
2326267
2326268
2328987
2328988
2328989
2328993
2328996
23308133
2332419
2332613
2335352
2338144
2338491
23393305
2341153
2341156
2344351
23449628
23468633
2347591
2347594
2349252
2352937
2354437
2355215
2357966
2360047
23622063
2364541
23698443
2369847
2370005
2374589
2377456
2378752
2379238
2383242
2387585
2393022
2397934
2400934
2401207
2401216
2404338
2406516
2410137
2410514
2411816
2412957
2413215
2414073
2414215
2416459
2416462
2420513
2422116
2422118
2422403
2426195
2427440
2427931
2432182
2435833
2437585
2440689
2440764
2443579
2443580
2443854
2445630
2447011
2447015
2447245
2448136
2450406
2451911
2452084
2455961
2456965
2457549
2457811
2458212
2458223
2458265
2458842
2459056
2461992
2463210
2465991
2466839
2471197
2474555
2474894
2476388
2476716
2478463
2480903
2481314
2482246
2482730
2487151
2494106
2495302
2496158
2496302
2498841
2499515
2501072
2505256
2507645
2511075
2512252
2522413
2522910
2523855
2524424
2528587
2530167
2531187
2531931
2536846
2537250
2541065
2542863
2544888
2547683
2547997
2548014
2548184
2548293
2552446
2555161
2558380
2558853
2561974
2562800
2563173
2563174
2563260
2563351
2563356
2563387
2563568
2564439
2565278
2565740
2565810
2565878
2566156
2566557
2566558
2566635
2567264
2567701
2568329
2568335
2569442
2569712
2569767
2569969
2570024
2570027
2570028
2570031
2570032
2570033
2570566
2570638
2570675
2571569
2571572
2571573
2571575
2571576
2571577
2571582
2571583
2571936
2572508
2572511
2572648
2573045
2573515
2573520
2574141
2574145
2574151
2574500
2574853
2574856
2574857
2574991
2575484
2575552
2575582
2575583
2575584
2575585
2575589
2575591
2575592
2576007
2576352
2576529
2576634
2577870
2579140
2580009
2580936
2591369
2591966
2594367
2600083
2602144
2602386
2613230
2613234
2613246
2614060
2620821
2622338
2627199
2630190
2631797
2631980
2639903
264678
2648130
2654812
2676840
2676841
2689082
2691880
2693041
2696048
2706836
2707101
2710121
2712823
2721500
2721933
2725499
2725507
2726749
2731728
2731935
273256
273258
2737677
2737680
2740210
2740340
2740343
2740347
2744450
2744455
2744761
2758403
2759422
2759427
2759663
2760978
2761224
2766927
2766933
2767427
2767429
2767687
2776477
2776481
2777798
2781416
2781417
2781418
2784150
2784591
2786470
2787378
2787792
2787796
2787938
2789124
2792009
2792385
2792758
2793182
2793207
2806881
2808323
2808406
2813427
281712
2818653
2820874
2821634
2822532
2823093
2823263
2824476
2827170
2829218
2829366
2831142
2835730
2836164
2838789
284003
2843459
2845118
2846281
2850257
2851124
2852162
2859594
287034
2874483
2875850
2875852
2875941
2877873
2877946
2878046
2878090
2878091
2878432
2878803
2879284
2880797
2882472
2882487
2882509
2882510
2882512
2882514
2882954
2882955
2882956
2883119
2884164
2884633
2885153
2885263
2885313
2885372
2885848
2885918
2887160
2887402
2887485
2888660
2888729
2889183
2889668
2889817
2890215
2890502
2890503
2891029
2891503
2891614
2892757
2892781
2892786
2893758
2894402
2894719
2894761
2895473
2895647
2895697
2895729
2895734
2895926
2895998
2896141
2896210
2897063
2897103
2897121
2898504
2898782
2899541
2899912
2900461
2901095
2901325
2901400
2901401
2901661
2901719
2901926
2902074
2902144
2902233
2902234
2902576
2902627
2902634
2903046
2903254
290436
2905686
2906048
2906326
2906327
2906328
2906539
2906811
2907403
2907795
2908877
2909392
2911572
2914938
2916164
2918924
2919177
291939
291992
2922282
2925609
2932308
2934979
293741
2941364
2944823
2947337
2952646
2952719
2960420
2963140
2965815
2966993
2970296
2971731
2976782
2981770
2983233
2984575
2984788
2985498
2985797
2985974
2987114
2987811
2987946
2989529
2989540
2991555
2991590
2991750
2991930
2993101
2993162
2993224
2993648
2993652
2995250
2995997
2997193
2997621
2997987
2998983
2999153
2999780
3000616
3000867
3003402
3003932
3004966
3005466
3007061
3007994
3008352
3010324
3011968
3013507
3013762
3014003
3015416
3016317
3017971
3018929
3019221
3019676
3020715
3022377
3023686
3023699
3023705
3025083
3025084
3025640
3025647
3025741
3027179
3027565
3027903
3027974
3028776
3029082
3029411
3031479
3032455
3032783
3033291
3034234
3034582
3034587
3034600
3034900
3035491
3035555
3036526
3036643
3036794
3036869
3036997
3037333
3037353
3037543
3038074
3038891
3049802
3056832
3060118
3066742
3070850
3079812
3081679
3082651
3082752
3082981
3084380
3085096
3086480
3090449
3091491
3094007
3094964
3095840
3098437
3100390
3102169
3102608
3103856
3103940
310441
3104458
3104881
3105095
3106151
3112061
3116144
3116273
3116501
3117530
3117691
3117797
3121303
312840
3128472
312864
3128974
3130314
3131427
3132713
3132994
3136441
3138071
3138077
3146546
3147218
3148665
314952
3149717
3156187
3159826
3160288
3160768
3162231
3162338
3165083
3166417
3166427
3167219
3167978
3169880
3169883
3175662
3180219
3181757
3182015
3182016
3182771
3184310
3186440
3186715
3195589
3197454
3197958
3197959
3198626
3198636
3199068
3199205
3200849
3200851
3209851
3219345
3219346
3220432
3226728
3234178
3234755
3242494
3242498
3243423
3243425
3243547
3244354
3248380
3248390
325138
3257775
3258885
3259946
3259947
3261868
3262043
3262424
3272162
3275546
3279541
3290627
3299748
3301647
3301648
3311968
3316439
3319884
3328540
3328737
3334724
3335397
3346044
3347509
3356173
3356450
3356451
3360305
3362864
3366378
3378451
3378834
3378835
3378837
3384439
3401545
3408474
3408670
3409558
3410303
3410314
3410508
3413106
3416629
3416632
3416634
3416638
3416652
3417135
3417145
3422415
3426502
342667
3428594
3429842
3436225
3443293
3443296
3447590
3447593
3449365
3450276
3454798
3455895
3456057
3456645
3456887
3459181
3459182
3459253
3459257
3459258
3460077
3462416
3463975
3467897
3467899
3468635
3470773
3471389
3471390
3472212
3473481
3474784
3475232
3475376
3478306
3478692
3478716
3478818
3479751
3481261
3489673
3490653
3491126
3494806
3495003
3495586
3496540
3502964
3503708
3503716
3503717
3511170
3513188
3520560
3529946
3535785
3541275
3555492
3562240
3562242
3569879
3569880
3569904
3569908
3569909
3570378
3582092
3582592
3582977
3585250
3588297
3588301
3593832
3593833
3600641
3600652
3600793
3600794
3623098
3624868
3625111
3641049
3641189
3653077
3653941
3653943
3666438
3666442
3666846
3668849
3676756
3678828
3680949
3681112
3684584
3690661
3692139
3692486
3710145
3710158
3710160
3710538
3721197
3726554
3729925
3729927
3732789
3744436
3744438
3745925
3749510
3753900
3754180
3754305
3754827
3757554
3758028
3758677
3772065
3773991
3792827
3793155
3794341
3794606
3796326
3803305
3816991
3834036
3839241
3839762
3840606
3848399
385184
3855546
3857278
3857594
3857625
3857911
3858674
3858875
3860873
3862102
3862245
3864153
3865183
3865381
3865385
3866909
3871525
3872416
3874401
3876282
3877680
3886485
3899099
3917149
3917225
3917435
3918347
3919316
3920527
3923115
3924592
3925009
3925014
3925939
3927587
3937724
3943128
3957035
3958479
3967923
3973562
3996895
3997208
3998439
4006517
4006523
4007963
4015615
4018853
4020956
4029613
4031460
4038785
4040754
4042679
4044021
4054960
4056486
4058581
405970
4068142
4075393
4077150
4077152
4084216
4085253
4086792
4092923
4093612
409605
4114394
411874
4150768
419532
4209112
4269806
4309830
432756
4343696
4343697
4348279
4349512
4372544
4382005
4397868
4436533
4436535
4448113
4452481
446096
447069
447675
448134
4514997
4543154
454356
454358
4547628
455464
4557539
4566335
458159
4660849
4689339
469229
4693062
4726088
4726445
4743225
4777306
4782668
478292
478294
479550
479600
4796241
4817529
4818266
4824507
4830244
4837306
4841379
4841974
489949
489953
4991029
5013677
5021438
5031320
5031475
5055128
5135832
5159224
518534
518535
518536
521667
5251879
5279341
5297683
5358143
5358144
5364923
5365619
5365621
536693
5367369
5367378
5372803
540002
540025
5424503
544312
5449211
5480943
5496133
5496232
5512135
5527661
5529676
5558564
5588789
5647630
5647833
5661165
566388
566475
566476
568721
5690495
569476
5698855
5703376
5713631
57899
5796860
5799428
5906493
5911159
5948402
5971566
597866
5980120
600262
6031677
6031678
604164
6062373
6062374
6064106
6087351
6088393
6088665
6088946
6089108
6089339
608946
6091896
6092350
6095054
6095106
6095203
6095444
6095465
6096010
6096267
6101098
6101117
6118238
6122625
6145740
6147198
6152904
6153802
6154946
6155698
6156053
6159249
6160098
6160178
6162896
6163812
6164636
6168916
6169637
6170120
6170978
6173319
6174441
6177004
6178108
6180984
6184409
6185626
6187676
6188152
6193187
6198418
6200835
62014
6203959
6205102
6206194
6206473
6206499
621381
6228526
6230784
6234993
6241468
6242882
6242891
624931
6249881
6250219
6250710
6251153
6251472
6261043
6262318
6262816
6264445
6265582
6267606
6268990
6270228
6275115
6276492
6276757
6278047
6278049
6283136
6283161
6283386
628373
6284378
6287001
6290895
6293057
6295638
6296428
6296870
6297853
6300845
6300850
6304710
6305840
6306133
6308009
6308669
6308764
6309775
6310150
6311906
6312088
6313869
6318122
6318374
6320193
6320529
6321339
6321340
6321630
6321750
6321791
6321961
6322171
6322428
6324081
6324216
6327825
6328281
6328284
6328503
6329695
6330270
6330685
6331676
6332054
6332069
6334582
6343242
6348937
6356130
6365754
6366521
637827
6382265
6387444
6389258
6397127
6402449
6403249
6403543
6403866
6407006
6408182
6411613
641338
6420496
6420709
6427384
6429038
6433489
6454730
6454740
6457299
6457599
6457600
6462245
6466292
6468928
6469287
6469289
6480104
648179
648182
648183
648198
6489477
6497830
6500258
6500636
6509553
6510023
6510705
6510711
6510712
6512238
6517849
6529437
6529441
6538258
6543304
6546797
6547105
6547399
6550027
6573292
6576346
6578510
6581542
6582507
6583703
6585968
6589636
6589791
6595305
6601056
6602295
6607530
6610831
6611306
6618533
662012
6626138
6626148
6626149
6626150
6629441
6641707
6661928
6667856
6671979
6682087
6683708
6683871
6684996
6687641
6689487
6690234
6690609
6690719
6693138
6693832
6699408
670679
6706951
6707444
6732748
6735174
6735447
6735449
6743507
6745245
6746027
6751556
6753830
6762206
6766165
6767238
6768798
6770027
6774020
678292
678293
6785912
6793507
6793660
6797957
6799576
6800944
6801524
6802749
6802754
6803241
6803586
6804095
6806360
68094
6813029
681746
681876
6819642
6822218
6825938
6832582
6832854
6838491
6852525
6855886
6857276
6857446
68598
6863898
6864883
6879174
6885117
6886377
6886426
6893763
6895187
6896059
6897916
6929114
6929943
6933208
6934364
6942422
6943584
6946250
6947235
6949984
6951169
6952244
6953443
69563
6956886
6960358
6961423
6961454
6967858
6968793
6973596
6976963
6980940
6980942
6984005
6984010
6985638
7000897
7001248
7009417
7024043
7026423
7026729
7028029
7028030
7031061
7037197
7045675
7045676
7047397
705766
7067971
7068175
7074682
7074683
7075708
7078639
7092798
7103930
7107707
7115286
7117836
7117838
7118213
7119440
7126740
7138495
7139332
7141490
7141491
7143580
7146913
7151411
7152259
7157197
7161508
7165695
7171128
7173999
7203014
7209519
7209520
7225080
7229381
7237550
7237554
7241566
7247077
7247931
7247936
7262351
7262549
7262551
7262555
7274657
7274663
7275224
7276510
7276519
7276576
7276830
7286992
7287061
7287083
7292252
7295293
7295297
7298085
7298086
7327391
7328306
7333459
7333460
7333462
7333654
7334202
7337689
7341353
7341354
7365238
7365241
736882
7373044
7387621
7391543
7391545
7399258
7409861
7410386
7411019
742739
743194
7439685
7439958
7444718
744473
744474
744483
7447922
7451966
7453821
7460010
7474114
7474133
7474134
7478547
7478609
7479885
7480533
7485822
7487844
7487846
7487932
7488027
7490070
7490073
7490074
7490079
7490087
7490088
7490090
7490092
7490093
7490097
7490098
7490099
7490100
7490102
7490103
7490110
7493015
7495741
7496034
7498529
7499242
7499852
7501018
7504013
7506762
7507077
7507509
7507926
7507961
7508415
7509775
7510254
7510260
7511063
7511123
7513297
7514566
7514570
751643
751648
7516747
7518410
7521235
7523376
7523515
7524912
752541
752542
752543
752544
752545
7525452
7525722
7526206
7527040
7527545
7527906
7528168
7529553
7530249
7531669
7533739
7534359
7535287
7535527
7536496
7536936
7537231
7537375
7539003
7539311
7540588
7540886
7540914
7542761
7543294
7544156
7545492
7545711
7546737
7550318
7550338
7550342
7550346
7550351
7556956
7557989
7558001
7558004
7558006
7558008
7558018
7558020
7558021
7558022
7558024
7558026
7558041
7558724
7558881
7558886
7559635
7560076
7560085
7565585
7565694
7565742
7566964
7567444
7568052
7576101
7576111
7576184
7578887
7579418
7579515
7579885
7579886
7579889
7579890
7579892
7579895
7579896
7579897
7581464
7582914
7587389
7587399
7588749
7589801
7590237
7590247
7590346
7590734
7590736
7590745
7590746
7590748
7590750
7590968
7590972
7590978
7592771
7592824
7592984
7594541
7594550
7597044
7601230
7601440
7601457
7601466
7601470
7601474
7601475
7601476
7601480
7603331
7604002
7606006
7606739
7606937
7607427
7607666
7607670
7607671
7607678
7607680
7607686
7607687
7607689
7607697
7607698
7607707
7608171
7608209
7609078
7611445
7613026
7613027
7613029
7613031
7613032
7613033
7613034
7613037
7613039
7613040
7613041
7613042
7613043
7615634
7619531
7624144
7625557
7625571
7626078
7626218
7626882
7626883
7626887
7626889
7626890
7626891
7626895
7626896
7626897
7628019
7628698
7629107
7632740
7633444
7635289
7637035
7640630
7641699
7643715
7644485
7644514
7647459
7647460
7647467
7647471
7647472
7647473
7647795
7650004
7650378
7650380
7650394
7651355
7651726
7655454
7655457
7655516
7657995
7660127
7663508
7665159
7665164
7665168
7665170
7665171
7665177
7665180
7665181
7665183
7665187
7666191
7668363
7669690
7670468
7670492
7670495
7670496
7670497
7671806
7671815
7672577
7672822
7677729
7678343
7678927
7680041
7680327
7680894
7683307
7683677
7684230
7684627
7686883
7688964
7689339
7690558
7690622
7695038
7696204
7698336
7698742
7698755
7698761
7698765
7698766
7698769
7698770
7698773
7698777
7704017
7705639
7706460
7706726
7710686
7710778
7712116
7713493
7713495
7713516
7714913
7719019
7719021
7719023
7719025
7719028
7719029
7719032
7719036
7720411
7720571
7720577
7720708
7721348
7721352
7722447
7723240
7724703
7726900
7729546
7730309
77304
7731717
7733872
7734452
7736780
7736788
7736790
7737295
7737422
7739634
7743923
7744952
7748156
7749225
7749227
7749232
7749235
775014
7751596
7751629
7751941
7752808
7755567
7757076
7758956
7759093
7759105
7759107
7759110
7759119
7759120
7761397
7766309
7766992
7766993
7766995
7766998
7767000
7767001
7767002
7767003
7767007
7767008
7767012
7768185
7768898
7769664
7773285
7774555
7774558
7774561
7774564
7774566
7774567
7774591
7774911
7774913
7774920
7774922
7774930
7774933
7774934
7774938
7774939
7774940
7774952
7774953
7774954
7774957
7777502
7777557
7777570
7781071
7782068
7782070
7782079
7782087
7782091
7789171
7789186
7789623
7789774
7789972
7789986
7789992
7789995
7789997
7790005
7797078
7797265
7797269
7797272
7797593
7802669
7805729
7806216
7806222
7806224
7806225
7806230
7806231
7806233
7806243
7806275
7806281
7806288
7806300
7808217
7811283
7811383
7813437
7813775
7813901
7813906
7818535
7821612
7821804
782223
7824267
7825062
7828829
7828830
7828847
7829059
7829060
7829061
7829063
7829066
7829068
7829069
7829079
7829080
7829087
7829090
7829095
7829102
7830261
7832992
7833916
7835084
7835704
7835706
7835879
7835882
7835888
7835895
7835896
7835906
7835907
7835908
7836754
7837976
7841363
7842733
7843407
7846035
7848872
7849394
7849395
7849396
7849402
7849405
7849406
7849408
7851884
7851892
7851897
7851908
7857657
7857673
7858255
7859283
7868910
7870172
7873875
7873877
7873878
7873879
7873880
7873884
7873885
7873888
7873889
7873890
7873892
7874112
7874121
7877445
7877988
7878083
7881185
7882583
7882992
7884899
7884913
7889405
7889410
7889941
7890611
7890684
7891898
7892260
7893605
7894154
7894155
7894156
7894157
7894162
7894164
7894165
7894166
7894168
7894173
7894174
7894176
7896102
7896263
7896266
7896268
7896269
7896271
7896277
7896282
7896292
7896738
7898049
7901128
7902327
7903570
7903957
7904196
7904580
7904583
7904966
7905852
7906273
7906966
7906968
7907077
7907978
7908224
7910581
7910582
7910583
7910587
7911043
7911044
7912122
7912438
7912827
7914452
7914867
7915557
7915936
7916002
7916309
7916323
7916324
7916325
7916662
7916738
791749
7918227
7919654
7919658
7919659
7919660
7919661
7919662
7920629
7920630
7920633
7920656
792381
7924997
7926807
7927543
7927709
7929272
7929816
7931087
7932176
7935409
7936664
7937844
7937857
7940021
7940024
7941361
7946325
7947319
7947467
7949367
7949730
7949731
7949735
7949736
7949740
7951230
7951318
7953292
7954427
7954475
7956041
7956352
7956835
7958444
7958843
7958862
7959726
7959727
7959737
7959747
7959748
7959751
7959765
7959767
7959768
7959775
7959778
7959780
7959784
7959786
7959788
7959789
7961761
7961765
7964456
7964490
7968252
7969402
7970703
7972007
7973732
7974003
7978106
7979162
7982562
7982937
7983353
7984236
7987303
7987393
7988453
7993390
7995944
7999781
8000138
8000144
8000145
8001130
8001160
8001972
8001975
8001979
8003488
8007943
8007964
8009369
8011168
8012109
8012110
8012111
8012113
8012114
8012115
8012118
8012120
8012352
8012379
8013255
8013374
8014601
8020949
8020952
8020960
8020965
8020973
8020994
8022769
8024701
8026534
8031579
8032683
8033131
8034018
8034180
8034307
8034309
8034314
8034315
8034327
8034328
8034329
8036156
8039711
8040269
8041773
8043946
8043947
8043948
8043949
8043950
8043959
8050375
8053692
8053909
8054974
8054975
8054976
8056315
8056766
8059495
8069308
8074710
8075499
8075500
8075503
8075639
8075641
8076595
807855
8081710
8081870
8081873
8082565
8082833
8082890
8082894
8084607
8088438
8088529
8088777
8088778
8088780
8088782
8088790
8088797
8088814
8088815
8088820
8088835
8088836
8088838
8088839
8088840
8088844
8093609
8093670
8093671
8094075
8094302
8094303
8094369
8094372
8094987
8094988
8094989
8095339
8095446
8096488
8096811
8097440
8098006
8098007
8098216
8098217
8098710
8098844
8099513
8099712
8099936
8100460
8100556
8100767
8100801
8100803
8100806
8100843
8102126
8102917
8104057
8104059
8104060
8104199
8105016
8105477
8106408
8107195
8111116
8111118
8111123
8111124
8111126
8111131
8111133
8114700
8114702
8114719
8115398
8118099
8118101
8118102
8118103
8118688
8119734
8119735
8119739
8119740
8133039
8134103
8135745
8136831
8136836
8138159
8139017
8142015
8143742
8145850
8146154
8146195
8148869
8157699
8162702
8162704
8164679
8166621
8168479
8168855
8169523
8169823
8170356
8171035
8171325
8172657
8174789
8176360
8177505
8180469
8180471
8180472
8180479
8182132
8182138
8182278
8182931
8183239
8183548
8183555
8188219
8188220
8188247
8188251
8188258
8188263
8188269
8188273
8188277
8188281
8188286
8188287
8188291
8188294
8188307
8188317
8188645
8188678
8190122
8191288
8193352
8198617
8199405
8199406
8199408
8199412
8199413
8199414
8202942
8204896
8206522
8206531
820740
8208607
8216854
8219280
8220433
8223273
8224858
8224911
8226859
8226976
8227050
8227355
8228228
8234252
8242739
8243336
8244371
8244375
8244383
8244386
8244399
8244405
8247544
8248134
8250913
825106
8251184
8252616
8254755
8258699
8262912
8262979
8268652
8268653
8268655
8268660
8268661
8268662
8268663
8268909
8270638
8270645
8274135
8275476
8276396
8276397
8276400
8276403
8276405
8276416
8278937
828052
8281012
8281013
8281014
8281015
8281019
8281143
8282096
8284201
8287681
8288218
8288233
8288240
8288241
8288247
8288252
8288255
8288260
8288580
8290278
8294906
8297379
829901
8299687
8300594
8301128
8302582
8307146
8307326
8307327
8307560
8307561
8307566
8307578
8307580
8307589
8312228
8313388
8314081
8314596
8318735
8318736
8318737
8318738
8318739
8319902
8319910
8319975
8321202
8321237
8322225
8324828
8325639
8325640
8325648
8325651
8325657
8326004
8327517
8332900
8332901
8334987
8336698
8336951
8340418
8349129
8349816
8355678
8355697
8358168
8358169
8358171
8358175
8358176
8358177
8358431
8358440
8359696
8360674
8363569
8367453
8371338
8374208
8376770
8376772
8378320
8380565
8380915
8380921
8381093
838272
8382771
8384947
8385352
8388220
8389469
8389625
8390535
8390964
8390965
8391346
8391647
8391931
8392347
8392662
8393839
8395283
8397366
8398116
8398132
8401505
8401507
8401590
8404042
8405064
8405685
8406441
8406442
8406443
8406449
8406464
8406471
8406475
8406478
8406486
8406487
8406490
8406499
8406508
8406612
8407940
8408082
8415697
8415706
8415768
8417372
8417808
8420829
8421497
8422330
8422497
8422501
8422502
8423056
8424659
8428772
8428774
8431634
8431636
8431638
8431639
8431640
8431643
8432192
8432396
8432524
8432531
8432533
8432535
8432536
8432540
8435858
8437858
8439729
8439730
8439732
8440138
8441417
8441607
8446583
8446602
8449042
8449404
8449489
8449492
8449493
8449498
8449501
8449508
8449511
8449515
8449520
8450829
8452817
8453108
8453613
8454207
8456115
8462855
8463278
8468042
8468045
8468048
8468050
8468051
8468055
8469239
8469285
8469289
8474450
8474452
8475118
8477445
8479737
8480178
8480181
84805
8482578
8482579
8486356
8486361
8486363
8486374
8486378
8486383
8486742
8487016
8490962
8491376
849243
849251
8494785
8499655
8499656
8499657
8499658
8499659
8499946
8502659
8507976
8507982
8507983
8507984
8507985
8510181
8512323
8521395
8521470
8521822
8522158
8522159
8528584
8530022
8530024
8530037
8530041
8530045
8530048
8530055
8530056
8530057
8530061
8530062
8530064
8530075
8530078
8530091
8530092
8530097
8530099
8530103
8530383
8533162
8535060
8535062
8535063
8535068
8535076
8535077
8535078
8535085
8535092
8535974
8536979
8537111
8537128
8538762
8540893
8540894
8541208
8541219
8541848
8543148
8543809
8547483
8548812
8549806
8550099
8551230
8551621
8552598
8557628
8557977
8557982
8559144
8561800
8563165
8563166
8563167
8563172
8563173
8563174
8563175
8563180
8563181
8563758
8563764
8565838
8566019
8566787
8566965
8567692
8570178
8570653
8570659
8571820
8574847
8575305
8575748
8575753
8575755
8575764
8575765
8575770
8575773
8575777
8575779
8575786
8575788
8575819
8575820
8577718
8581299
8584938
8585934
8586413
8586415
8586423
8586432
8586439
8586440
8586443
8586452
8586457
8587124
8589516
8589517
8589518
8589525
8589526
8589530
8589531
8589532
8589683
8589716
8589719
8590346
8595416
8595882
8595891
8595892
8595902
8596955
8597117
8597592
8597630
8597631
8597632
8597633
8597637
8597638
8597641
8597642
8597643
8597644
8600386
8601395
8601493
8601494
8601628
8601779
8602221
8603845
8604219
8604343
8605875
8606057
8606774
8608799
8608859
8609710
8610011
8611618
8612280
8613427
8617223
8617493
8617494
8617496
8617498
8617499
8617503
8617512
8617515
8617775
8618899
8618913
8619131
8619840
8621489
8622914
8622945
8623496
8624254
8625802
8626794
8626800
8627174
8627512
8627537
8627539
8628397
8630049
8630490
8630493
8630506
8631787
8631881
863237
863250
8634152
8634434
8634697
8636124
8636240
8637724
8639267
8639776
8640219
8641972
8642246
8642256
8643601
8643993
8645430
8645601
8646892
8647196
8647266
8647801
8649810
8649829
8650181
8650191
8653272
8657558
8659820
8660378
8660658
8660867
8660894
8660964
8660967
8660976
8660977
8660978
8660984
8660987
8660988
8661009
8661010
8661011
8661014
8661036
8661038
8661043
8661048
8661050
8661054
8661056
8661058
8661059
8661061
8661062
8661063
8661067
8661069
8661100
8661102
8661113
8661115
8661123
8661125
8661129
8661130
8661133
8661148
8661152
8661153
8661157
8661699
8661704
8661707
8661708
8661709
8661713
8661716
8661718
8661719
8661720
8661721
8661722
8661724
8661733
8661734
8661735
8661736
8661741
8661743
8662079
8662216
8662219
8662220
8662221
8662222
8662231
8662232
8662233
8662234
8662235
8662236
8662242
8662243
8662838
8662936
8663509
8666240
8666281
8666392
8666393
8666395
8666397
8666407
8666408
8668199
8670084
8672124
8672125
8672126
8672127
8672132
8672134
8672136
8672137
8672138
8672139
8672140
8672141
8672142
8672143
8672144
8672147
8672149
8673108
8673109
8673129
8673131
8674414
8674531
8675664
8678976
8678978
8678983
8678984
8678985
8678987
8678988
8678989
8678990
8678991
8678992
8678993
8678994
8678999
8679000
8679252
8682319
8683100
8684458
8684837
8689690
8692692
8696330
869894
8702182
8702637
8702776
8702853
8702912
8703114
8703115
8703120
8703121
8703122
8703124
8703126
8703129
8703130
8703131
8703133
8703134
8703135
8706013
8709280
8713075
8717042
8717053
8717055
8717357
8720108
8720118
8722795
8723722
8723723
8727252
8733137
8738138
8743987
8747920
8747921
8747923
8747926
8747928
8748389
8748968
8750197
8751375
8751377
8752833
8752907
8753861
8756292
8756350
8756567
8757345
8757623
8760306
8761287
8761296
8764131
8766569
8770600
8771905
8777726
8780729
8781121
8781125
8782830
8786082
8786103
8786117
8786134
8786135
8786139
8786140
8786141
8786143
8786144
8786147
8786149
8786423
8787751
8787941
8789438
8790420
8790445
8792607
8793211
8798145
8798433
8798450
8798505
8798769
8799160
8804731
8805650
8805679
8806818
8808275
8808286
8808288
8808291
8808410
8808466
8808709
8811331
8812055
8812411
8812413
8812414
8812416
8812430
8812432
8812433
8812436
8812438
8812441
8812442
8812449
8812452
8812454
8812455
8812457
8812463
8812464
8812468
8812469
8812471
8812475
8812481
8812484
8812487
8812488
8812497
8812502
8812504
8814290
8816745
8817321
8821757
8822277
8824159
8824160
8824796
8824799
8824807
8824812
8824813
8824814
8824815
8824817
8825627
8825628
8825640
8825642
8825643
8825647
8825654
8825655
8825659
8825940
8827373
8827514
8828036
8828042
8828582
8828840
8829551
8829552
8829553
8829919
8830097
8830098
8830784
8833143
8833147
8833154
8833156
8833158
8833234
8833235
8833240
8833241
8833242
8833244
8833245
8833253
8833254
8833255
8833256
8833257
8833258
8833259
8833260
8833262
8835096
8835523
8835524
8835525
8835526
8835527
8835533
8835534
8835539
8835541
8835542
8835543
8835544
8835546
8838309
8838310
8838317
8838318
8838320
8838795
8838797
8838799
8838802
8838803
8838809
8838817
8840145
8841197
8842398
8842733
8843195
8843393
8844160
8844497
8845836
8845837
8845845
8846906
8846907
8849351
8849899
8852665
8852852
8852853
8854860
8854862
8854865
8854866
8854867
8854868
8854872
8854873
8854874
8854875
8854876
8855265
8855285
8858105
8858343
8858344
8858345
8858346
8861101
8862255
8862417
8863726
8863731
8871542
8872035
8872459
8872465
8875237
8875885
8875886
8875894
8875895
8875901
8875997
8877790
8877792
8878426
8878690
8879267
8879275
8881030
8881035
8882710
8884266
8884278
8884281
8884282
8884285
8884288
8887273
8887313
8887328
8889539
8893810
8893813
8893816
8893825
8895504
8895763
8895981
8896402
8897953
8898078
8900538
8901605
8902505
8903719
8903720
8903721
8903722
8903723
8903724
8903725
8903730
8903731
8903733
8903737
8903738
8903739
8903741
8906852
8910481
8910519
8910585
891258
8913282
8914121
8914602
8914607
8914631
8916139
8917549
8917945
8917949
8918689
8918916
8919359
8919885
8920881
8921365
8921366
8921375
8921395
8921396
8921399
8921400
8921405
8921409
8921887
8922524
8922998
8924213
8925294
8927054
8929530
8930994
8934515
8934534
8938430
8938431
8938434
8938447
8938449
8938452
8938453
8938454
8938455
8938457
8940147
8941371
8943028
8944028
8944031
8944072
8945635
8946197
8946200
8947844
8948440
8948595
8950991
8951039
8952226
8952960
8954722
8954725
8954726
8954773
8954774
8954775
8954777
8954783
8954808
8955126
8956278
8962125
8962159
8963896
8966221
8973343
8973603
8974318
8974320
8975700
8975706
8975707
8975708
8975712
8975715
8975718
8975721
8975722
8975723
8976376
8978061
8978062
8978063
8978486
8978698
8978762
8978766
8978770
8981332
8982867
8984004
8985317
8985346
8986768
8986781
8986815
8987786
8987796
8988168
8988870
8989518
8993021
8995184
8995189
8995194
8995226
8995484
8995487
8995491
8995755
8995757
8995758
8995763
8995766
8995767
8995768
8995769
8996246
9000141
9001233
9002448
9002663
9002672
9006072
9006082
9009273
9010237
9011320
9011744
9012503
9012850
9013622
9013772
9013777
9013956
9017603
9018121
9019400
9020055
9020080
9020852
9021139
9021140
9021141
9021148
9021155
9021157
9021158
9021159
9021166
9022080
9023306
9023307
9023983
9027480
9027482
9027483
9027487
9027489
9027494
9027497
9027500
9027502
9027506
9027508
9029105
9034307
9037065
9037187
9037598
9037606
9038221
9039503
9040785
9041127
9044831
9045672
9049627
9049629
9049631
9049632
9054597
9054624
9054934
9054939
9054943
9055810
9058381
9060405
9060406
9060407
9060409
9060410
9060414
9060415
9060416
9061364
9062079
9063736
9063747
9063750
9063754
9068421
9069116
9069117
9069121
9069122
9069126
9069127
9069128
9069129
9069284
9070220
9070650
9070862
9070865
9070923
9070925
9070926
9070927
9070932
9070936
9070938
9070939
9070942
9070944
9070948
9072957
9073074
9073173
9073505
9073506
9073507
9073511
9073512
9073522
9073523
9075221
9075813
9076683
9077551
9088903
9090377
9094671
9094996
909601
9096101
9096102
9096111
9096116
9096117
9096118
9096119
9096120
9096121
9096122
9096311
9096350
9097023
9097952
9098402
9098403
9098436
9099719
9100844
910130
9105679
9106670
9107673
9107674
9107680
9107681
9107682
9107683
9107684
9107685
9107688
9107689
9107690
9107693
9107694
9107695
9108056
9110171
9110173
9110175
9110176
9119224
9119362
9119363
9119367
9119369
9119370
9119373
9119386
9119389
9119401
9119402
9119405
9119410
9119975
9122225
9126479
9126488
9126492
9126497
9126934
9126963
9126989
9130661
9133341
9133412
9133560
9136115
9136988
9141462
9141463
9143489
9143490
9143495
9143501
9143504
9143506
9143510
9143511
9143514
9143515
9144220
9144225
9144489
9145544
9147650
9148921
9149945
9150245
9150302
9150355
9150435
9151674
9151907
9154810
9158147
9160755
9160756
9161421
9162101
9162105
9162260
9163733
9164982
9166581
9166582
9166583
9166585
9166591
9166592
9166595
9166596
9166597
9168124
9168903
9168970
9169125
9169128
9169139
9169154
9169155
9169414
9170151
9171834
9173930
9175730
9175833
9176411
9177350
9177770
9177771
9177772
9177783
9177785
9178254
9180281
9182575
9182764
9182797
9183385
9184233
9186056
9186511
9186515
9186516
9186519
9186525
9188753
9188755
9192162
9192391
9192668
9192769
9192846
9192866
9195160
9195990
9195991
9195995
9195996
9195997
9195998
9195999
9196000
9196005
9196006
9196007
9196008
9196009
9199335
9199935
9205110
9205117
9205120
9205124
9205126
9205130
9207786
9209340
9210097
9210791
9211850
9211912
9212754
9214635
9215542
9215685
9215907
9216040
9218452
9218457
9218460
9218488
9218537
9221785
9224656
9224952
9226367
9226370
9226373
9226375
9226383
9227906
9230199
9241278
9241435
9244432
9244437
9244438
9245514
9245688
9250857
9250864
9250865
9250866
9250873
9250874
9250875
9250876
9250877
9250878
9250879
9250880
9252411
9253602
9254651
9254699
9254906
9256347
9256352
9256466
9256468
9257847
9257949
9259272
9259282
9260933
9261404
9266612
9267523
9268580
9268627
9268631
9268637
9270023
9271096
9271224
9271633
9271662
9271664
9271665
9271666
9271669
9271670
9271671
9271672
9271675
9271676
9271677
9271678
9271679
9271681
9271682
9275178
9275222
9276618
9276742
9278581
9284910
9284932
9284943
9285413
9285588
9285687
9285798
9286595
9286694
9286696
9286699
9286706
9286707
9286710
9286715
9287114
9288104
9288756
9291580
9292716
9294160
9294195
9294610
92985
9299236
9299437
9299440
9300059
9300665
9300695
9300697
9300732
9300827
9302265
9307024
9312130
9312132
9314499
9315306
9315606
9315917
9316640
9321431
9321462
9321464
9321471
9321472
9321475
9321476
9321479
9321480
9321481
9321482
9321483
9322939
9325047
9325066
9325151
9325265
9328171
9328465
9328475
9329965
9330366
9331067
9331332
9333243
9334261
9335342
9335610
9335613
9336083
9337390
9337391
9337392
9337393
9337397
9337398
9337402
9337406
9337407
9337408
9337409
9337411
9338782
9338784
9339358
9339359
9339365
9339368
9339371
9339378
9339380
9339382
9339385
9341252
9342041
9342042
9342232
9342357
9344650
9344651
9344652
9344653
9344654
9344655
9344657
9344659
9344676
9344682
9345023
9345900
9348041
9349522
9350642
9351462
9351583
93520
9352491
9353118
9354679
9354792
9354800
9354801
9355741
9358605
9360993
9364205
9365243
9365246
9366252
9366418
9366422
9367224
9367672
9367674
9367675
9367676
9367681
9367682
9367687
9367688
9367689
9367690
9367786
9370299
9371410
9371744
9371788
9371819
9372446
9373155
9374397
9375568
9376114
9377577
9382924
9383278
9383279
9383280
9383282
9383287
9383288
9383291
9383292
9383293
9383296
9383299
9383300
9383301
9384608
9384609
9385360
9389446
9389538
9389542
9389650
9390273
9390516
9393880
9396862
9396865
9398834
9398835
9398853
9398854
939913
9403052
9403057
9403063
9403069
9403730
9405660
9406850
9408243
9408977
9409774
9412494
9412790
9414106
9414320
9415433
9417906
9417909
9417911
9417917
9417918
9419374
9420473
9420479
9421269
9421270
9422765
9422770
9422771
9425257
9425902
9426003
9427364
9427531
9427551
9428626
943046
9434160
9434194
9434937
9434938
9434939
9434940
9434941
9434942
9434950
9434953
9434954
9434955
9434956
9434957
9434958
9434960
9434961
9434962
9434964
9435345
9435347
9439574
9441664
9441737
9441741
9441749
9441751
9441754
9441755
9441758
9441761
9441766
9443808
9445485
9446609
9446808
9447922
9448294
9449188
9449189
9449675
9449705
9449709
9457667
9457668
9457669
9457670
9457671
9457678
9457680
9457681
9457684
9457685
9457686
9457687
9457688
9461216
9462742
9464245
9464811
9465294
9465296
9465299
9465300
9465308
9465903
9465906
9466998
9467008
9467009
9467016
9467017
9467018
9469938
9472069
9475163
9475750
9477059
9479488
9479490
9479508
9480750
9480755
9480761
9480784
9482898
9482902
9485083
9485485
9488722
9490417
9493360
9494100
9495342
9496783
9497154
9498115
9499412
9499427
9499428
9499429
9500547
9501006
9501100
9501299
9501300
9501308
9501310
9501314
9501315
9501316
9501317
9501318
9502778
9503013
9503015
9503017
9503019
9503020
9503024
9503026
9506519
9507058
9507120
9510030
9510177
9510508
9510554
9510555
9511742
9511759
9514916
9514948
9516379
9517901
9518655
9521053
9521869
9521872
9521876
9521878
9521883
9521885
9521905
9524206
9524251
9524273
9525630
9526019
9526020
9529344
9530621
9530623
9530631
9530632
9530637
9530638
9531267
9531599
9537225
9537422
9538215
9539760
9540997
9541606
9544492
9545272
9545490
9545495
9545496
9545497
9545498
9545499
9545502
9545506
9545508
9545553
9545634
9545635
9545640
9546078
9548560
9551980
9553042
9555025
9555867
9559671
9560246
9560328
9560406
9560407
9562962
9565648
9566867
9569124
9570947
9570950
9570954
9570956
9570957
9570961
9570962
9570963
9570964
9570965
9570966
9573346
9573360
9573645
9573646
9579466
9580668
9582020
9582196
9584186
9585423
9585432
9585433
9585435
9585436
9585437
9585438
9588210
9588902
9590237
9590240
9590288
9593767
9594661
9597547
9598304
9598305
9598319
9598327
9598328
9600096
9600738
9600941
9600952
9600963
9602027
9602058
9602068
9602128
9603188
9603192
9603450
9603993
9605843
9605864
9605877
9608680
9615218
9615220
9615221
9615230
9615234
9615236
9618174
9618914
9619852
9620608
9620762
9624122
9626498
9626501
9626505
962848
9628817
9628819
9628823
9628827
9628829
9628833
9630247
9634239
9636075
9636085
9636176
9636665
9637305
9637760
9637921
9643368
96442
9647202
9647636
9647641
9651528
9652741
9653112
9653161
9653165
9653646
9653653
9655796
9655868
9656467
9657844
9657845
9657846
9657854
9657855
9657856
9659574
9659576
9659579
9659925
9660837
9660840
9660953
9661988
9662402
9662403
9662407
9662443
9666083
9666100
9666519
9667751
9669045
9669522
9670923
9670959
9671585
9671732
9673775
9674382
9676189
9676426
9678332
9678333
9678761
9678763
9679147
9680377
9680378
9680379
9680387
9680388
9680389
9680390
9680391
9680392
9680394
9680395
9681877
9683662
9685319
9688143
9688278
9689927
9691180
9693034
9693038
9693039
9693045
9693046
9694514
9696128
9697694
9697703
9697832
9699672
9699673
9701556
9703330
9703689
9703949
9703981
9703987
9704021
9705297
9705320
9705843
9707587
9708731
9708916
9712054
9714764
9714793
9716645
9716653
9716654
9716655
9716656
9716661
9716662
9716663
9716665
9716666
9716667
9717434
9717438
9720874
9721204
9721207
9721210
9721213
9721215
9721221
9721880
9722561
9722945
9722947
9722948
9722950
9725226
9725853
9726248
9726250
9726281
9727007
9729047
9729401
972950
9730601
9730602
9730605
9730606
9730611
9730615
9731538
9732553
9733105
9735344
9736752
9736773
9736774
9740669
9742083
9743333
9743358
9743625
9744276
9745031
9745034
9745035
9745038
9746435
9748258
9748274
9748617
9751744
9753320
9754812
9755211
9756038
9756919
9758550
9758703
9759642
9759870
9761722
9763658
9763668
9765271
9766624
9767123
9767163
9771707
9774102
9774969
9776760
9778037
9780010
9780177
9780220
9782088
9782094
9783910
9786895
9787079
9787084
9787086
9787088
97871
9789047
9790748
9790761
9790763
9790766
9790769
9790770
9790771
9790773
9790776
9790778
9795190
9795232
9797472
9799264
9799267
9799332
9799334
9799596
9799598
9799601
9799609
9799613
9799614
9799615
9799616
9799617
9799833
9799834
9799836
9799839
9799840
9799844
9799847
9801304
9804353
9804384
9804947
9804998
9806826
9806833
9806835
9806836
9806838
9806843
9806848
9806850
9806851
9806930
9808201
9808625
9808774
9809979
9810707
9811821
9811881
9811942
9823302
9824159
9826670
9828123
9828124
9828132
9828134
9828140
9828143
9828144
9828145
9828146
9829985
9831657
9837748
9837751
9837768
9838043
9838107
9838117
9838122
9838149
9840812
9843921
9844923
9845674
9846487
9846490
9846698
9849956
9850061
9851930
9852069
9852953
9854036
9856465
9857044
9858320
9858511
9858515
9858566
9858693
9858807
9858811
9858821
9858827
9861641
9862363
9862484
9862736
9870468
9877523
9878241
9878243
9878244
9878246
9878248
9878251
9878254
9878259
9878266
9878516
9879827
9880575
9880655
9880656
9880657
9880659
9880661
9880662
9880665
9880666
9880673
9880679
9880680
9880682
9880925
9883582
9883726
9884331
9885188
9885919
9885975
9887344
9887350
9888996
9889000
9892667
9892679
9892724
9892727
9892734
9892736
9892737
9892740
9895271
9914332
9914339
9916719
9916873
9916893
9918132
9920416
9920829
9922384
9922385
9922387
9922397
9922399
9922400
9922406
9925911
9925912
9925934
9925940
9925946
9927192
9927193
9927277
9927300
9927484
9927670
9931340
9931443
9931461
9931466
9931502
9932288
9933561
9933564
9933565
9933568
9933574
9933575
9949206
9973388
9974430
9986727
9988264
9988272
9988277
9988767
9989976
