10024466
10025509
10026266
10036237
10049776
10052134
10066363
10075837
10087928
10089879
10092866
10102987
10189376
10192918
10198067
10200157
10205164
10207040
10209124
10209300
10212154
10221901
10224056
10233146
10320339
10320943
10325432
10328951
10329620
1033094
10331990
10336435
1033886
10344202
1034667
10353838
10364513
10369671
10373524
10374261
10375515
10393118
10395830
10400662
10402673
10403059
10403797
10404398
10408952
10411959
10412089
10413681
10419694
10421841
10427097
10428962
10433831
10444594
10447595
10452519
10454598
10454741
10462174
10462410
10463154
10463155
10467095
10470029
10473630
10483728
10488068
10491107
10491202
10493938
10500245
10504301
10504325
10504413
10506827
10508161
10518939
10523518
10523791
10526575
10534626
10545250
10545495
10545500
10547360
10556070
10564654
10567429
10570466
10571182
1057168
10574757
10574761
10575348
10579723
10581178
10585466
10587457
10588667
10588668
10591622
10593934
10594375
10601339
10602252
10608845
10611970
10620373
10625544
10628860
10642783
10651904
10652255
10652263
10669414
10669610
10672028
10679356
10681463
10682841
10684612
10691978
10699257
10704435
10704840
10706821
10706823
10706824
10712614
10725225
10725352
10727946
10731670
10744862
10745004
10747962
10749929
10752063
10754461
10766786
10766852
10768992
10769190
10769206
10771103
10772794
10777684
10782107
10783001
10786847
10788319
10791894
10793140
10795321
10801438
10804029
10805781
10807949
10811616
10816253
108168
10818233
10821186
10821768
10825297
10827085
10828443
10837033
10847335
10848635
1084874
10854320
10854856
1086341
10864465
10873800
10876090
10878115
10878573
10880352
10887082
10887966
10896781
10898960
10899639
10906762
10910134
10910722
10913338
10930471
10930737
10931888
10932130
10944529
10944536
10953006
10954413
10962483
10964682
10970875
10973992
10974109
10978342
10980428
10985864
10987137
10995227
10995241
10998571
11004503
11015615
11022225
11023784
11029049
11032184
11032815
11041494
11042201
11058595
11060029
11068045
11071787
11076676
11084033
11086168
11090633
11090634
11092557
11096376
11100898
11100904
11102804
11106661
11118648
11120354
11121784
11129433
11130075
11133236
11134002
11139635
11142677
11148034
11157987
11160924
11161327
11162086
11162580
11163223
11163921
11171061
11178263
11178912
11179674
11201251
11206323
11208126
11220631
11222145
11222756
11223952
11224566
11229601
11235897
11237875
11243931
11245573
11250542
11254360
11254362
11256995
11257435
11257436
11257437
11257438
11257439
11264536
11267868
11269945
11269946
11270119
11270120
11274054
11277918
11277937
11278493
11278598
11282973
11285226
11286975
11299049
11300762
11319871
11330860
11336701
11339832
11343215
11352578
11352940
11356026
11356336
11358877
11369235
11369435
11371560
11389841
11390363
11397018
11401529
11406272
11410363
11410593
11422293
11423539
11425877
11428129
11437439
11447112
11453666
11454750
11470836
11479029
11481037
11483410
11484931
11485564
11488929
11489884
11493573
11493651
11496330
11500361
11500376
11522784
11536879
11549769
11553701
11553719
11554469
11559753
11559759
11566774
11566853
11566867
11576175
11577743
11590000
11590001
11598188
11598203
11598227
11601998
11602356
11604403
11606416
11641724
11679673
11683319
11683394
11683490
11683494
11683919
11686239
11686306
11689422
11689442
11690648
11694527
11696329
11700322
11707456
11707528
11713669
11713866
11714678
1171798
11719559
11723219
11726513
11728467
11737154
11737859
11744390
11746761
11748133
11755520
11768316
11777934
11782490
11782526
11784104
11792801
11807934
11818061
11818526
11823417
11831389
11854403
11854420
11865029
11872142
11884033
11886837
11890548
11891242
11896193
11919178
11927596
11950890
11950947
11956322
11956323
11956325
11959103
11963653
11973270
11973364
11990506
11991657
12008915
12011437
12015604
12015984
12018385
12029065
12032065
12032239
12045182
12060071
12060658
12062087
12062096
12062103
12062104
12066170
12067739
12070154
12070170
12070317
12074548
12082150
12082174
12086477
12102548
12110657
12112136
12117815
12128211
12130648
12134067
12134070
12135375
12135922
12138776
12139770
12142016
12161440
12163018
12171931
12175335
12176327
12176329
12182828
12183371
12186757
12186953
12186956
12198156
12198158
12204259
12204284
12210762
12211100
12211111
12217653
12220630
12222826
12244067
12244115
12296770
12324998
12351838
1236849
12372338
12374734
12376556
12382324
12385972
12388544
12388753
12392578
12398360
12408804
12413026
12413475
12413895
12416990
12418220
12421575
12421828
12429831
12429832
12446814
12455962
12455979
12456012
12456728
12457700
12459919
12464622
12468385
12468387
12470653
12475956
12476047
12477791
12479803
12499361
12499634
12503851
12506009
12511635
12511650
12515542
12518855
12529423
12532328
12535269
12535270
12538772
12555068
12574165
12578394
12582123
12594037
12597899
12600317
12615006
12618209
12624193
12626495
12626710
12627973
12644989
12648497
12654899
12668669
12678488
12685815
12686622
12688530
12697064
12711803
12717731
12722951
12737629
12746492
12748387
12753645
12756178
12761143
12771188
12782243
12788229
12791977
12796292
12796307
12796308
12796309
12802059
12802064
12812368
12820875
12826013
12832080
12832288
12840076
12843630
12853641
12854977
12857859
12857872
12871696
12878591
12883883
12890554
12890752
12909370
12912885
12912897
12912898
12913271
12933827
12943537
12944384
12946625
12952059
12952061
12952062
12952063
12952067
12952068
12952069
12952071
12952072
12952073
12952075
12952076
12952077
12952079
12952080
12952081
12952082
12952083
12953059
12954783
12956949
12962635
12963116
1297341
1297342
1309589
1310312
1310316
1310321
1310472
1312226
1312963
1313967
1315152
1315514
1317167
1319932
1321059
1321061
1321427
1323348
1324167
1325653
1325900
1326523
1326559
1326764
1328220
1328260
1329901
1330484
1332055
1332700
1333365
1333842
1334012
1335570
1336402
1338410
1339294
1339656
1340155
1340320
1340462
1342924
1345338
1348970
1352966
1355376
1356770
13677450
13678580
1368595
1370903
13735
1375918
1381191
1402793
1423620
143236
14329960
1436061
1447151
1448100
14504294
14506710
14517243
14517319
14551185
14551196
14557265
14561408
14563176
14570871
14572910
14593072
14594951
14595105
14595117
14595119
14597204
14617352
14617812
14620745
14623897
14629118
14641909
14648554
14651611
14651934
14654223
14658498
14660869
14661972
14662359
14665465
14665466
14680693
14681218
14686953
1469051
14695060
14697512
14699152
14701681
14704357
14706075
14706699
14708574
14709810
14710184
14711408
14718564
14718927
1472080
14722352
14728724
14729573
14732403
14734608
14736886
14740492
1475184
14757065
14764604
1482555
1487056
14871937
1488055
1493336
1493338
14973196
1497323
14997443
15003488
15014435
15017141
15020673
15024525
15030394
15037299
15037305
15040446
15045484
15050379
15051505
15051717
15053873
15059913
15059942
15059962
15060630
15066197
15073273
15075287
1508201
15084313
15086784
15103019
1511011
15123660
15128662
15131307
15141168
15143344
15144062
15147588
15155803
15155810
15157468
15160493
15161938
15170254
15178187
15186508
15190000
15193148
15194808
15196561
15196880
15196949
1521542
15219852
1522112
15221449
15225305
15225639
15232571
15236669
15238247
15245746
15255188
15259052
15261655
15276209
15276837
15289548
15298917
15299813
15309638
15322879
15325281
15332174
15333696
15333995
1533639
15340009
15342480
15347742
1535025
15351882
15352238
15358428
15358773
15360128
15363631
15363842
15364587
15366706
15366765
15366936
15367206
1536877
1537842
15380246
15383615
1541397
15464854
15465874
15470238
15470246
15470253
15470262
15470429
15470506
15470642
15473840
15476260
1547939
15483055
15492777
1549373
15496465
15506982
15507488
15507682
15509655
15511086
15511087
15518583
15520374
15522968
15527790
15534002
15535983
15536120
15541464
15545285
15546981
15548420
15548862
15551871
1555240
15558566
15561583
15563608
1557126
15572406
15574880
15576064
15579903
15581352
15590560
15601898
15606490
15608615
15610906
15616122
15621416
15629062
15632431
1563352
15640146
15642266
15643062
15643073
15647160
15652353
15652354
15653432
15662425
15668169
15671182
15679834
15679845
15687223
15689527
1570148
15701689
15705570
15708561
15711811
15711883
1571288
15713460
15715993
15716029
15721286
15726806
15728724
15728726
15733068
15740584
15740615
15750603
15752425
15757670
15760480
15769249
15769592
15769639
15774025
1577768
1577798
1577820
15785851
15788570
15793569
15800059
15811915
15811999
15817229
15821129
15821132
15821137
15821735
1582556
15826949
15827084
15828834
15843041
15851518
15851658
15855234
15857957
1586944
15878331
15878705
15883003
15883042
15883156
15886300
15892111
15894626
15896312
15896778
15897189
15897458
15908944
15910751
1591239
1592257
15928972
15935169
15944220
15947191
15950352
15950608
15950752
15953031
15962002
15964562
159657
15980576
15987738
15992538
15993406
15994292
16003496
16005849
16023096
16024295
16042397
16051212
1605855
1607385
16075160
16079174
16079287
16080265
16085764
16086850
16087735
16087752
16093681
16099517
16101677
16106749
16107728
16108360
16112620
16135826
16138906
16151245
16153248
16155255
16176950
16181334
16188250
1618917
16195354
16197948
16198440
16202152
16215182
16216449
16219041
16226711
16227429
16234315
16243037
16246092
16246362
16254241
16257986
16265631
16267269
1627825
16282589
16291861
1629238
16299590
16317064
16325504
16328887
16336640
16339076
16343335
16355532
16356468
16367873
16368684
16372899
16386729
16388974
1638992
16396914
16400165
16403600
16406406
16410410
16410554
16415044
16415352
16421252
16430219
16431366
16433909
16434475
1644228
16443752
16445684
16449327
16453431
16453689
16456031
1645841
1646136
16461463
1646690
1646691
1646693
1646694
1646696
16469056
16469305
16471258
16473345
16478785
1648967
16490188
16495217
16495312
1650252
1650291
1650377
16507590
16507593
16511257
16512674
16512895
16513090
16513334
16516959
16517602
1651931
16521026
16522215
16524908
16527408
16527814
1653019
16540690
16543956
16545913
16546177
16551352
16553863
1656203
16571632
16573737
1657712
16581519
16582628
16593709
16596165
1659685
16597702
16599905
16606621
16607013
1660925
1661590
1661610
1661669
1661742
1661781
1662065
16622066
16624291
1663029
1664207
16644729
1666339
1666340
16672332
16675552
16678813
16679017
1668191
16682000
1668278
1668648
16691418
16698014
16699495
16704980
1670774
16713960
16716419
16734666
16735076
16735078
16735079
16740339
16741867
1674866
16750281
16757740
16757799
16759735
16760661
16762449
16762450
16765443
16766083
16769729
16777069
16781008
16781009
16781869
16782228
16782229
16782325
16782326
16782457
16787337
16787542
16790017
16790294
16790492
16806932
16810325
16814425
16814427
16814595
16815590
16819464
16822579
16832740
16835443
16835454
16835457
16842885
16854213
16857047
16859703
16864788
16869729
16870702
16873887
16876997
16885420
16890490
16896215
16899077
16899512
16900100
16901894
16906151
1691193
16920105
1692327
16926192
16926386
1692841
16939200
16942924
16945142
1694556
16945900
16949609
16950926
16952277
16957293
16957294
16957295
16957298
16957299
16957300
16957303
16957308
16957309
16957310
16957311
16957313
16962888
16963633
16963635
16966681
16968699
16968738
16971511
16982629
16984084
16987557
1698791
16987957
16998185
17004322
17010123
17020586
17027919
17031001
17031003
1703508
17040207
17050732
17050736
17056744
17057715
17068267
17069655
17077123
17085634
17086450
17100581
1710551
1711931
17121815
17126332
1713034
17132515
17140116
17150103
17150370
17170575
17172447
1717330
17177855
17177856
17178462
17184903
17189480
1719589
17202407
17207566
17207587
17208190
17237363
1725525
17259548
17259634
17267449
1728597
17289020
17296313
17296603
17298083
17298357
17303383
1730409
1730725
17311581
17314411
1732064
17331950
17332500
17336445
17343681
17353263
17362909
17371831
17373365
173791
17380187
17382607
17383919
17391056
17394603
17401451
1740448
17416346
17416892
17419997
17428229
17432827
1743439
17435008
1744106
17442478
17448496
17449872
17452624
17454296
17462897
17467078
17467337
17481898
17488289
17496139
17499244
17501984
175073
17517120
17517960
1751970
17531986
17535967
17545968
17548361
17553170
17553489
17557329
17560550
17562315
17574552
17584488
17587329
17588537
17601746
17606871
17606987
17606989
17611045
17623773
17625565
17630327
17630977
17635933
17637343
17644489
17655921
17659086
17660200
17660362
17661497
17662722
17664333
17671169
17673666
17684097
17684569
1769071
17693704
17699599
17699611
1770358
17704164
17714662
17725964
17725968
17761194
17761392
17762865
17825085
17878305
17880704
17889831
17897809
17898079
17900617
17905919
17911268
17916577
17922841
17923679
17935970
17940044
17950724
17951519
17971415
17976377
17988785
17997595
17997829
17998288
1801699
18028904
18029399
18032093
18039932
18042625
18054409
18067324
18073238
18077554
18083298
18089562
1811950
18160177
18164290
18173832
18178563
18180289
18194410
18196962
18201774
18202452
18204858
18211892
18216168
1821646
18218133
18226927
1824843
18252726
18261908
1826615
18266910
18272966
18276190
18287584
1829644
18298893
18299345
18305004
18326585
1832674
18334553
18339368
18349074
18359017
18366713
18367552
18367554
1836954
18372178
18375618
18381083
18381285
1838302
18384150
18385017
18388319
183985
18400087
18402932
1840491
1840653
18408056
1840893
1840895
18413355
18413611
18415938
18424909
18426773
18430232
18430243
18452713
18469015
1846924
18476827
1847868
18482401
18486207
1849108
1850366
18504297
18510733
18515835
1851628
1851802
1851940
1851956
18522444
18523161
18523238
18528569
18550419
18550798
18559084
18567810
18590548
18602116
18603113
18603769
18611962
18612387
1861979
18619975
18621026
18634783
18635356
18636095
18638468
18640994
18641456
1864510
18650439
18651095
18652851
18657170
18657484
18673380
18673382
18676656
18676953
18676957
18688845
1869562
18701541
18703517
18707607
18708585
18712789
18718841
18725645
18755009
18765799
18768936
18779059
18783170
18784979
1879341
18796536
18809930
18812082
18814278
18827012
18827980
18835579
18840645
18840649
18854143
1885577
18923426
18925373
18938082
18948008
18951891
18980612
18990192
18992223
18996154
1899668
18996984
18997329
19000924
1900154
19002378
19010323
19011688
19015308
19015952
19019078
19021631
19037099
1904249
19044939
19046986
19047467
19053698
19054384
19063918
19065153
1907899
19079140
19079286
19081545
1910174
19108721
19109698
19109699
19121290
19122661
19126673
19133302
19135538
19154569
1916063
1916064
191758
19176583
19187549
19203583
19207182
19213599
19222398
19228419
19262103
19270411
19281823
19284976
19285397
19286984
1930158
19308634
193105
19324455
19325115
19335452
1934109
19343174
19344251
19346484
19363062
19363786
19369200
1937010
19383941
19384419
19387798
19392685
19399493
19409937
19411624
19462019
19465563
19466752
19468051
19477920
19479821
19482547
19492077
19515202
19524543
1952936
19531152
195530
19576222
1958187
19584094
1958705
19589376
19602247
19614564
19632001
19635129
19636933
19636940
19638420
19638422
1965164
1966011
19667176
1967023
1968413
19684855
19687007
19687255
19692567
19692569
19693807
19704889
19714242
19718261
19721869
19721884
1972546
19733079
19748467
1975664
19757394
19763158
1976383
19763972
19765570
1977501
19779846
19794414
19794886
19808889
19823779
19824899
19833731
19843280
19845701
1986000
19861424
19864630
19875452
19878291
19883581
19887375
19893578
1989693
1989903
1989999
19913035
19919566
1993662
1995398
19955408
1996312
19964075
20008082
20009561
20012461
20018767
20019080
20019085
20036250
2004432
20052281
20057961
20059194
20062541
20066099
20070309
20071332
20075071
20079430
20080085
20089846
20097741
2010032
20100837
20102546
2013107
20143343
20156962
20156967
20159963
20167128
20170636
2017144
20173310
20183617
20186335
20191567
20195510
20197546
20199682
20200225
20200230
20231486
20298542
20300194
2030950
2030951
20348387
20351100
20351273
20356373
20375144
20375146
20383023
2038336
20406883
20408569
20413456
2041776
20422638
20423532
20427323
2044155
20443635
2044863
20452969
20457612
20459085
20472692
20473033
20479885
204930
20493808
2049870
2049873
2049874
2049876
2049878
2049879
2049880
2049884
20500764
20506401
20510250
20525180
20530573
20534815
20539780
20547830
20562345
20567601
20580724
2060029
20600701
20603609
20610381
20621844
20624437
20639697
20640912
20643054
20653014
20658257
20660630
20668166
20670432
20675719
20682639
20696238
20699477
20709619
20709790
20711349
20711998
2071586
2079027
20807800
2081467
20817460
20820770
20833893
20835994
20876874
20887559
20887565
20923836
20923972
20927614
209311
20940261
20949015
20950684
20951045
20951822
2096015
2096017
20966074
20969846
20971846
2102381
21034843
21040356
21045112
21056680
21071445
21076008
21081083
21085675
21086149
21087028
2109188
21093602
2110382
21103944
21109012
2112089
21129494
21131095
21134080
2114316
21145982
21148389
21148754
21150268
21167620
21169559
21178242
21179207
21187070
21190565
21193547
21195758
21205784
21205787
21206034
21206035
21209787
21222625
2122892
21235525
21239624
21243421
21247092
21255384
21256841
21258165
21278229
21287708
21288957
21295570
21300429
21301205
21307182
21327858
21334306
21335531
21357476
21366522
21374069
21385463
21389049
21393547
21396932
21401524
21402150
2141028
21420957
21438914
21441344
21447097
21447100
21458438
21468302
21477257
21507351
21521184
21521877
21527280
2152923
21531871
21534527
21534947
21536038
21536833
2153977
21541374
2154684
21549803
2155132
21552328
21561987
21562226
2156691
2156849
21569384
2157129
2157967
21585352
21585353
21585354
21585355
21585356
21585357
21585358
21585359
21585360
21585361
21585362
2159939
21602484
21602819
21606208
2161830
2161991
2162056
2162472
2162791
2162793
2163344
2163458
21640901
21652627
21655438
21666837
21667333
21671223
21671662
21671897
2167894
21690338
2169446
21700835
21701600
2170814
21709255
21710202
21712373
2171724
2171988
2174098
2174548
2174555
2175192
21760904
21766205
2176639
2176841
21776390
2177818
21787754
21799262
21803848
21807880
21810415
21819985
21821139
2182323
21824247
21833330
21841195
21846933
21871890
21875595
21876211
21876387
21878680
21889489
21900496
21909927
21911494
2191567
21929567
21931666
21933174
21950343
2196444
21979073
21982379
2198472
21988699
21991393
22003123
22008230
22020250
22022566
22024750
22035794
22038042
22050483
2205839
22073313
22081140
22090348
2210035
22114350
22119747
22120990
22128189
22144288
22154549
22155732
2215665
2216709
2216719
22186780
22215733
22219373
22223109
22234048
22234985
22239817
22252537
22253818
22262860
22264729
22266904
22269093
22279946
2229031
22296834
22302991
22307974
22311068
22323285
22326871
22345351
22357931
22357942
2236024
22363460
22365144
22366457
22367211
22375054
22375055
22375061
22379107
22386315
22389384
22391412
22398446
22403666
2242280
22434426
22438794
22466506
22489754
22505937
2251251
22529358
22530721
22570593
22572958
22575510
22588019
22588127
22595345
22600736
22623154
22644079
22647486
22647605
22647904
22648409
226539
22657106
22682495
22689969
22693159
22699506
22711818
22722653
22730904
22736568
22736763
22744750
22752265
22754623
2275752
2275804
22768168
22782112
22809629
22811266
22826231
22847424
22849378
22864416
22869547
22875808
22884799
22891261
22896797
22896810
22899719
22902739
22923101
22928977
22930590
22944283
22980139
22992462
22992464
23017206
230281
23029418
2303060
230476
23056506
23063531
2307702
2307703
23098648
23126556
23132928
23135995
2315320
23161062
23187822
23200106
23212920
23213391
23221467
23223240
23239108
23247359
23250750
23264736
23269477
23274641
23298336
23301051
23315654
23320427
23333327
23351158
23355006
23357353
23363311
23369714
23372162
23387437
23391225
23430058
23431176
23433110
23437285
23441816
23442953
2345173
23473502
23477311
23479620
23503127
23504135
2350735
23516620
2351691
23536703
2354209
23548898
23555023
2356118
23564751
23576747
23577638
2358114
23583188
23587254
23589853
23616924
23657816
23658506
23664307
23665473
23677473
23679940
23686520
23699396
23701686
23711432
23724097
23725456
23750002
23764049
23773804
23787121
23791739
2380188
23834384
23843627
23873369
2387408
23877245
23885127
23886948
23893301
23902692
23906540
2390970
23910661
23911723
2391361
23915312
23923009
23937900
23938384
23960071
23967067
23974243
23998118
24006265
24016530
24036345
24036346
2404023
24046445
2404981
2404992
2406175
24066281
24067914
2408636
24086589
24096661
24102085
24115140
24116661
24119059
24128258
24129923
24132237
24136144
24136904
24137657
2413906
24157363
24161926
2416457
24168696
24184654
24189663
24194124
24194533
24209866
24211213
2423400
24240571
24243792
24248334
24267687
2427932
24282234
24282235
24297565
24301467
24327773
24331584
24335649
24338482
24347642
24349132
24369430
24373846
24388853
24390142
24403600
24416420
24426151
2443164
24463811
24463814
24473127
24485835
24490801
24499792
2450571
24506136
2451126
24511612
24513283
24514039
24516575
24520414
24521843
24535823
24548787
24550398
24562909
24574058
24587195
2460438
24609083
2461226
24616222
24618050
24628900
2463105
24632241
24637328
24637768
24649900
2465161
24653039
24664433
24669662
2468517
24690554
24711368
2471657
24719454
24726820
24737330
2473986
24742374
24747353
24753786
2475501
24761354
24772931
24790102
2479547
24797076
24807902
24846395
24847205
24867644
24876391
24889638
2489070
24930026
24938606
24970198
24976792
24978203
24979808
24981771
24986648
25006251
2500658
25013378
25024302
25033209
25048306
2505671
25058684
25076955
25086066
25088032
2511051
25113829
2511421
2511901
25128613
2513127
25131297
25143405
25143406
25149514
25157910
2515990
2516830
2517628
25180230
25189617
2519609
2519618
25208883
25211206
25222736
25238760
25247494
25247557
25250945
2525124
25264102
25281001
25298405
25300330
2530629
25309731
25318674
25330233
25338074
25340043
25341530
25346418
25352599
25373620
2537840
25380752
2538821
2539262
2539811
25400313
2540036
2540042
2542944
25431419
2543508
25446527
25448479
25448698
25451080
2545115
2545528
2546056
2546676
2547147
2548604
2549052
25496424
2550795
2550894
25518940
25518941
25522879
2553517
25540127
25546705
2555234
2555685
25563416
2557538
2558121
2559093
25607232
25609090
2560931
2561127
2561454
25642645
2564393
25646440
25675329
2567533
2568162
2568578
25687647
25692587
25702575
25758444
25766862
25772333
2578450
2580557
2580746
25815683
2581974
2582489
25858552
25872182
2587278
25878144
25881075
25887420
25894230
25897865
2590196
25903720
25911059
25932374
25941378
25952183
25963254
25996471
25999474
26012633
26013485
2601692
2601718
26018043
2602140
26028264
26036668
26048010
26051890
26056276
26059185
26074248
26086101
26104693
26110905
2612369
2612766
26130809
26143376
26144553
26152465
26167517
26179871
26183108
26183444
26208637
26224568
26260792
26276689
26284972
26298292
26315268
26317626
26327373
26330554
26338868
26339297
26359303
2636139
26365535
26377317
26395484
26401043
26415699
26417076
26424797
26424849
2644652
26449461
26460541
26465776
26479198
26481973
26482849
26487898
26524465
2656165
2663863
26662428
26678305
2668299
26697781
2671039
26712555
26719340
26744136
26751210
26755590
2675932
26778551
2678007
26801966
26832786
26840347
26842224
2684431
26852331
26853472
26873616
26888062
26890004
26896676
26898161
26906729
26906738
26909677
26912787
26919666
26927887
26940518
26951199
26962009
26968929
26999214
27005924
27018644
27021638
27037126
27047941
2706277
27075750
27079701
27125566
27126594
27132113
27152956
27166421
27170354
27172998
27187592
27189178
27211275
2721503
27215322
2722797
27237792
27240981
27252332
2726746
27271892
27271894
27271895
27271898
27271914
27272207
27305283
27307198
27307293
2731733
27318097
27320835
27332963
27340834
27373689
2739736
27403805
27416267
27425421
2745547
27458458
27466369
27484477
27505897
27512991
27519410
27520045
27520047
27528008
27528044
27583033
27587838
27597994
2762135
27622823
2762320
27647881
2764888
27663234
2779573
2797182
2813070
2813371
2821029
2822110
2824253
2826298
2826459
2827119
2828113
2830141
2830496
2830905
2831095
2832153
2834407
2835261
2835631
2838347
2838348
2839474
2841161
2843545
2843553
2843819
2845948
2846388
2846392
2846597
2847717
2848853
2849442
2850494
2854019
2854024
2854025
2854028
2854404
2855333
2855334
2871026
2885843
2888013
2897942
2907423
2909407
2914932
2917570
2921242
2922044
2926809
293714
2939074
2939075
2945827
2958448
2959855
2972716
2982313
2984183
2985287
2985583
2987221
2987277
2988543
2990918
2991046
2991222
2991530
2991881
2993006
2995788
2996629
3000422
3000604
3000695
3002643
3002908
3003072
3003365
3005092
3007452
3007453
3010312
3010989
3014311
3015938
3019800
3020155
3023365
3023394
3024983
3025212
3025622
3027076
3028782
3029086
3029106
3029131
3029546
3031453
3031475
3032987
3034701
3035502
3036630
3037305
3039995
3047871
3063296
3072132
3072263
3084798
3093890
3098437
3100295
3109983
3110144
3110159
3122750
3134249
3139087
3139100
3141432
3146689
3149562
3149563
3149564
3151181
3151182
3151695
3182938
3198709
3209006
3243023
3243025
3243026
3243028
3243031
3243032
3243033
3243375
3244804
3246222
3254816
3275426
3288206
3308452
3312238
3320049
3320060
3327609
3336353
3336356
3358933
3366362
3372527
3380704
3384173
3402731
3409979
3422477
3442685
3448463
3460072
3467359
3490829
3510555
3540939
3550809
3553212
3568124
3569662
3576221
3576222
3589507
3596082
3600413
3600646
3622778
3633086
3658700
3709516
3745276
3749127
3769915
3771567
3785182
3796605
3803712
3805146
3817296
3821729
3837179
3838158
3863137
3889011
3897836
3901008
3902823
3907861
3909109
3920511
3923431
3934167
3954779
3956480
3972891
3982413
3994989
4000124
401646
4019595
4033661
4044310
4044684
4076641
4092928
4113864
4130244
4156170
4252223
426770
4278009
4280305
429337
4300706
4308724
4312464
4332126
4347520
4373294
4517669
461193
465657
4672668
4672669
4858710
497154
498273
4982890
499661
500631
5167809
5344104
541658
5464526
5528230
5530813
556726
561066
561087
564342
565356
565823
566367
567142
57116
5813341
6067273
6086601
6087882
6088335
6091559
6091907
6095047
6096693
6098825
6129660
6159098
6162850
6178632
6191197
6193114
6193977
6194894
6202616
6240298
6243587
6243626
6247610
6249504
6257740
6259174
6260258
6261116
6263872
6265455
6265456
6266496
6273404
6274333
6276562
6278978
6279874
6280135
6284373
6284374
6286214
6287936
6297763
6298035
6299402
6299819
6301542
6302095
6313344
6315710
6319183
6323182
6326136
6345545
6352373
6352709
640375
6409694
6411933
6420082
6428268
6429548
6452632
6468764
6470050
6488325
6498208
6509552
6527688
6549045
6617765
6631405
6638501
6667031
6685812
6688079
6689195
6693497
6694210
6698026
6707016
6717432
6724136
6746725
6754951
6772186
6775994
6805926
6826651
6853555
6886601
6886675
6894715
6897549
6912178
6940499
6955100
6961413
7040429
7044885
7048311
7051026
7068677
7068756
7150239
7228895
7242651
7262086
7286230
728989
7328669
7350161
7363945
7364891
7388948
7407916
7432514
7437056
7487887
7488100
7496377
7498488
7498732
7499275
7499325
7499424
7504272
7505616
7507418
7510368
7513710
7518559
7534302
7542887
7545298
7547990
7550376
7553878
7556461
7556891
7556903
7557399
7557471
7559391
7560005
7565716
7576176
7580132
7589492
7589554
7589798
7592751
7593277
7593282
7593293
7607075
7607079
7608977
7612966
7615672
7615678
7622465
7622596
7622597
7628637
7628643
7632732
7639520
7641881
7641976
7641977
7643412
7649374
7651139
7657715
7657724
7659526
7662315
7665558
7669763
7678470
7679719
7680629
7690788
7691416
7693675
7695838
7698984
7699009
7702555
7706268
7713325
7716803
7718408
7721769
7729526
7729545
7729573
7733916
7736610
7737203
7738034
7738119
7743656
7744252
7744826
7750521
7755554
7756537
7764951
7765497
7765806
7771809
7773407
7774015
7775572
7780726
7787058
7790361
7790362
7797506
7798215
7800506
7806571
7806572
7807547
7811269
7813009
7813455
7813801
7820857
7821221
7822274
7822284
7828886
7838882
7840943
7841201
7844154
7844159
7844172
7851634
7851636
7852383
7857991
7862106
7862164
7866389
7866390
7867938
7874745
7876207
7876307
7876348
7876354
7883039
7883072
7883184
7887953
7888302
7890678
7894387
7902839
7907497
7909262
7916591
7916616
7925004
7926021
7926779
7929276
7929556
7935013
7935416
7937787
7937993
7937994
7939899
7945256
7949425
7949426
7954798
7956839
7957044
7958880
7961824
7962211
7966307
7981039
7981616
7983143
7983172
7988791
8000542
8006061
8016318
8026327
8026634
8026640
8026746
8033219
8034130
8034630
8034739
803969
8049207
8049465
8050366
8058783
8060491
8061324
8063709
8065317
8069939
8075796
8078515
8081259
8081260
8081742
8082740
8089175
8089176
8089184
8099335
8103933
8109337
8110455
8120068
8125261
8126094
8126431
8127653
8130037
8132650
8139694
8143738
8143877
8143933
8150078
8155908
8156999
8164663
8165572
8166692
8167015
8174784
8174786
8174787
8186149
8186466
8188693
8196658
8198606
8200481
8200505
8207951
8218353
8218397
8222346
8223266
8223604
8224551
8224844
8226777
8226849
8227052
8227145
8227212
8240297
8244981
8254668
8266074
8269839
8270627
8275851
8280097
8280098
8286376
8288612
8288619
8290260
8293475
8293879
8294041
8294042
8294503
8308061
8312570
8313959
8314896
8318547
8323548
8325874
8328967
8340365
8344435
8345518
8354393
8366107
8366130
8373760
8380160
8380174
8381027
8382151
8382181
8382576
8382977
8383694
8384117
8384208
8385421
8387036
8389540
8389692
8392183
8393003
8394342
8404532
8404847
8404891
8405764
8407878
8407927
8408201
8416797
8421680
8432731
8436297
8440335
8442386
8448193
8455930
8461013
8464730
8479927
8482335
8482418
8485148
8485319
8486739
8490243
8500761
8504170
8508771
8509452
8515774
8521515
8522584
8522605
8522606
8529641
8530362
8536800
8536802
8536803
8536805
8536963
8552657
8554538
8557190
8557714
8559803
8561496
8565818
8567716
8570674
8573107
8575636
8576266
8577731
8581739
8586643
8605245
8609164
8612752
8612980
8619813
8619862
8620848
8626023
8626027
8628311
8631253
8631493
8631494
8631906
8631932
8635456
8636147
8636212
8641419
8643519
8643615
8647262
8652599
8657579
8660315
8660574
8660884
8662604
8662961
8663243
8663370
8668725
8670809
8670837
8670893
8670894
8679551
8681950
8681966
8682867
8688557
8689668
8702473
8702707
8702747
8703943
8706758
8710499
8713082
8713136
8725228
8728102
8735922
8741836
8743951
8744952
8752217
8754814
8759914
8760935
8764472
8769416
8774142
8780505
8787732
8789124
8793298
8793728
8798577
8806827
8807851
8811185
8816286
8816999
8824735
8825370
8830653
8830781
8831554
8832405
8838672
8842219
8844408
8845769
8851971
8855370
8870645
8873752
8874966
8882813
8882814
8884597
8895562
8898113
8898200
8898241
8898366
8898890
8899714
8900194
8901500
8901579
8907178
8907711
8922379
8922380
8931563
8937986
8937989
8943216
8947029
8947030
8950185
8951083
8954880
8971707
8973337
8976605
8980908
8982279
8985118
8986798
8995370
8996086
8999903
8999904
9000384
9007012
9015266
9017597
9020088
9020178
9023987
9024693
9024799
9030771
9044043
9049303
9053320
9054368
9056234
9056774
9063453
9073071
9074646
9087168
9087443
9089396
9092834
9096329
9096956
9102307
9108019
9115238
9116024
9118250
9126295
9133436
9144159
9151691
9156575
9161411
9164464
9164848
9164876
9168471
9168476
9168956
9169048
9169052
9169133
9171087
9172081
9177484
9177486
9186775
9188459
9188732
9190209
9191038
9200609
9201999
9203345
9204703
9207061
9207087
9210216
9210597
9211856
9213227
9223628
9226443
9226449
9230077
9231902
9238018
9243512
9245789
9247119
9248997
9250676
9254905
9255069
9256074
9265658
9275182
9275184
9276759
9284050
9287210
9295311
9305756
9307965
9307972
9310334
9334183
9334341
9341180
9342234
9342353
9342838
9344244
9344544
9346898
9346927
9348531
9348538
9353330
9355757
9364027
9365277
9368749
9373134
9373143
9373946
9382786
9382870
9389653
9394012
9397534
9398679
939942
9405107
9405319
9410873
9414094
9417878
9417983
9421912
9422733
9425628
9426004
9426195
9426215
9427562
9427685
9428348
9428745
943392
943393
9434191
9435289
9436992
944182
9446571
944665
9449351
9453712
9468495
9473320
9480045
9484954
9486804
9487125
9491070
9510528
9511743
9514860
9514897
9524112
9525920
9533959
9535814
9539160
9545201
9546041
9548725
9551080
9553081
9560439
9561748
9564522
9565562
957
9576830
9578603
9578623
9582274
9582277
9582328
9584128
9585512
9601085
9601101
9601648
9604889
96112
96113
9615620
9620859
9630545
9632105
9635388
9636072
9639652
9645220
9647646
9649625
9650777
9651587
9654085
9654105
9660787
9668968
9670017
9677289
9687023
9689085
9691038
9692967
9693138
9693369
9698452
9700162
9703022
9704504
9716534
9724532
9724643
9727034
9729488
9729497
9729606
9731766
9732292
9733726
9733762
9735356
9735367
9739079
9742091
9756633
9763450
9763454
9765592
9765812
9774403
9774533
9776758
9778249
9781694
9784196
9786875
9786928
9789030
9799510
9802899
9807784
9808785
9811815
9812977
9813014
9813063
9813183
9828114
9829777
9832508
9836437
9837714
9837757
9842717
9843585
9847246
986551
9865978
9871125
9878346
988019
9880334
9880338
9880518
9883904
9885293
9888821
9889823
9927418
9950684
