10022832
10022833
10022868
10022874
10022928
10023660
10023777
10024886
10025951
10037602
10050886
10066435
10068673
10069390
10072079
10074115
10074433
10075662
10075672
10075690
10079194
10080941
10080948
10082512
10082572
10085062
10085140
10085258
10092231
10092586
10092624
10094049
10094485
10097128
10187801
10187858
10187861
10196196
10206955
10206983
10212259
10220110
10221651
10224067
10224076
10228003
10228162
10318845
10318860
10318905
10320352
10321728
10325225
10329681
10330171
10330178
10339405
10356322
10356400
10358045
10358075
10359581
10364157
10364252
10368283
10369681
10373548
10373589
10382764
10383391
10383454
10385526
10391924
10394359
10395652
10398585
10400699
10400701
10409622
10409650
10411939
10415122
10419450
10421793
10428856
10437795
10438516
10438543
10464260
10465786
10469124
10469599
10469655
10471600
10471813
10473551
10477689
10477718
10477752
10479680
10480872
10481058
10485710
10485711
10486269
10488147
10490605
10490823
10490827
10490978
10490982
10497169
10499588
10499918
10499919
10502299
10504341
10504396
10506573
10514433
10514520
10517496
10521347
10521456
10521462
10521505
10523633
10523862
10526152
10527519
10529171
10536372
10544250
10545207
10545526
10551865
10556837
10557072
10559258
10570299
10571075
10575006
10581160
10581204
10581258
10585430
10585452
10585767
10586038
10590061
10593965
10601358
10608806
10608854
10610356
10611223
10617633
10627507
10629052
10635328
10640766
10642536
10642604
10648623
10652306
10652321
10655506
10660304
10664457
10666226
10677502
10698949
10702271
10702308
10702794
10704651
10706102
10706668
10713094
10713156
10713157
10713178
10714679
10715136
10716693
10723127
10727460
10729163
10733515
10733591
10734104
10745073
10747026
10747083
10747973
10748018
10748054
10748100
10748240
10749687
10749887
10753870
10753918
10753946
10755617
10756100
10764587
10764742
10764746
10764778
10766246
10771424
10772872
10775268
10783161
10783893
10788470
10793131
10795740
10799849
10801826
10801847 
10805722
10805757
10806479
10807933
10821852
10829066
10831594
10835356
10838074
10854325
10856257
10866202
10872831
10873802
10875937
10880512
10880535
10882101
10882725
10887109
10889159
10891484
10891492
10893229
10894161
10894162
10899108
10906324
10906335
10910078
10917520
10920205
10920266
10921914
10922060
10929712
10930578
10934475
10940313
10947989
10949026
10950950
10952994
10954736
10958684
10958792
10960475
10961885
10967104
10968790
10969079
10974032
10976108
10976885
10980699
10981967
10986460
10988299
10991940
10993888
10995457
10995762
11002417
11004522 
11006271
11007757
11015443
11016959
11018027
11022048
11024282
11025449
11027663
11029009
11035932
11046044
11050151
11051551
11053425
11058597
11060286
11076937
11078718
11080158
11081633
11083865
11084030
11086075
11087752
11089976
11090634
11095740
11096062
11096118
11098060
11101877
11104670
11104763
11106428
11108663
11113628
11114188
11114383
11120819
11134016
11134045
11134330
11145703
11146440
11150515
11150545
11152665
11154276
11154277
11157753
11157976
11158290
11158308
11160179
11160242
11160325
11162588
11162841
11163197
11163236
11163799
11164894
11170396
11171044
11175333
11175345
11179419
11181075
11201744
11207255
11226259
11226410
11230124
11237770
11237865
11238599
11238950
11242052
11244088
11245482
11257115
11257230
11257231
11257232
11259443
11259596
11260256
11266467
11274179
11278268
11278311
11278395
11278485
11278524
11278553
11278799
11278955
11279024
11279055
11279080
11279118
11279232
11279280
11283254
11287630
11302752
11304541
11306579
11309383
11310855
11313407
11313479
11313968
11314014
11318614
11318879
11325969
11328818
11331248
11335711
11337588
11341920
11342531
11342629
11343802
11350735
11350939
11350981
11356828
11359773
11359776
11368781
11368848
11375989
11389039
11389697
11389905
11397816
11399519
11404363
11404460
11406587
11406619
11408476
11408587
11409918
11410591
11413148
11416127
11416133
11418623
11418661
11425860
11427728
11432835
11432859
11435474
11440715
11440998
11441107
11444800
11447297
11448951
11451568
11457725
11460167
11464215
11470772
11470788
11479302
11483597
11485349
11485912
11486006
11489891
11493682
11504827
11504915
11507039
11507094
11509611
11509627
11522829
11526399
11526404
11527961
11527969
11531339
11533658
11536016
11544529
11546791
11551923
11554782
11555662
11571291
11579209
11583588
11583623
11584270
11585904
11585925
11585926
11585930
11592063
11593030
11594778
11594795
11598301
11602579
11602640
11604410
11604490
11604491
11605658
11606597
11679576
11684013
11689445
11696366
11696550
11696597
11701612
11702783
11706008
11706020
11707392
11707404
11707444
11708798
11714725
11715018
11716541
11717514
11719502
11723054
11724772
11731474
11733002
11733498
11734550
11735228
11737269
11739185
11739662
11741534
11741599
11741955
11744690
11748628
11751856
11751889
11755531
11773439
11779184
11781573
11782427
11784715
11784723
11784866
11786546
11786908
11788583
11801603
11801604
11801649
11802788
11809791
11809792
11811958
11812650
11821383
11836244
11836526
11839738
11839755
11850407
11851337
11853878
11856751
11857080
11858824
11864612
11865050
11865055
11866440
11877453
11880380
11882293
11894098
11895474
11907126
11909531
11927604
11932926
11937546
11940573
11940575
11943200
11948427
11953430
11956208
11956222
11956291
11960013
11967258
11970947
11971006
11971184
11971985
11976320
11976338
11980706
11986301
11986327
11994271
11994468
11997181
12006497
12015308
12023340 
12023369
12032083
12032305
12042314
12048196
12048203
12048204
12052829
12052855
12052866
12054652
12054681
12054859
12058026
12058054
12058067
12060722
12074571
12077222
12077367
12080081
12082081
12087097
12089335
12089450
12091339
12096920
12097160
12115612
12115638
12121969
12121974
12121983
12133833
12133942
12133952
12134164
12135564
12138085
12138090
12138131
12138158
12138184
12147247
12150925
12150926
12150927
12150997
12151336
12154360
12162751
12163025
12163506
12165731
12169098
12171910
12173051
12176984
12181739
12185077
12189148
12193695
12196527
12202480
12207328
12207896
12208735
12208882
12210728
12214276
12218057
12218106
12220192
12220502
12220669
12221124
12223527
12226091
12228228
12228247
12231510
12234927
12237292
12237455
12242290
12242293
12242343
12244095
12244173
12244174
12270932
12270937
12351625
12351658
12356731
12356871
12364343
12364468
12370240
12370291
12370292
12370298
12370331
12370363
12370826
12374744
12374792
12377780
12379659
12381680
12381835
12384504 
12387735
12387878
12387893
12391160
12393874
12403779
12408816
12409306
12417018
12417738
12426565
12429732
12429737
12429743
12431981
12434148
12438239
12438242
12438563
12445832
12445832 
12446564
12446675
12446687
12450396
12453877
12456688
12456797
12456798
12458207
12464176
12470648
12471037
12471095
12471121
12482586
12482935
12482991
12486103
12489984
12492477
12493740
12496252
12496426
12502786
12509459
12510191
12511557
12514174
12517966
12524439
12524447
12524539
12525502
12526812
12527107
12527898
12529173
12529384
12534345
12535517
12535671
12538665
12539043
12549928
12553726
12554829
12556500
12560487
12566447
12569082
12571250
12586352
12586630
12588975
12589049
12589052
12591926
12591950
12595462
12600985
12604599
12604610
12606711
12609966
12609980
12609982
12612076
12612081
12615073
12615921
12615972
12618484
12618752
12620238
12626540
12628493
12629547
12631284
12637324
12637493
12643274
12645945
12646168
12646618
12649439
12650640
12651066
12651610
12656673
12657634
12659850
12660240
12665549
12665574
12665592
12668683
12676934
12679936
12684064
12689946
12692130
12692549
12693954
12697749
12697810
12697811
12702806
12706815
12709443
12716892
12717443
12718876
12719480
12721283
12721308
12724322
12724421
12732644
12734196
12734349
12734380
12740372
12745270
12746488
12747827
12748287
12750561
12757707
12759353
12761204
12763134
12764129
12764135
12774123
12775719
12783885
12788789
12788955
12791266
12792650
12794087
12794153
12796776
12799427
12801526
12801936
12804775
12805384
12807916
12808093
12808108
12808109
12813044
12817007
12819769
12821118
12829618
12832467
12835328
12847263
12855698
12856081
12857726
12857745
12860405
12861022
12865429
12867412
12867418
12867425
12867426
12867428
12869526
12873986
12874265
12874291
12875984
12876285
12878163
12881409
12881709
12882960
12885941
12887891
12887920
12888566
12890669
12890687
12893243
12893276
12893839
12897141
12897149
12902511
12904288
12904573
12906710
12907639
12913107
12913118
12917434
12917689
12917690
12920122
12923054
12923170
12925853
12927781
12932319
12933816
12935900
12938160
12941695
12941697
12941796
12947093
12954639
12960171
12960351
12960352
12963725
12968026
12970366
12975377
1311092
13130464
1331108
1340770
13679070
13679373
13679391
1386357
14500680
14500717
14504284
14504289
14505491
14510776
14512427
14517219
14517278
14519765
14526390
14530254
14530355
14532120
14550305
14551205
14557255
14559897
14559993
14560022
14561707
14561756
14568956
14572659
14576775
14580208
14585845
14585847
14585966
14585990
14585994
14595024
14595118
14597638
14602726
14607928
14611647
14612424
14614131
14617633 
14623968
14633987
14634131
14636569
14636585
14638683
14638696
14645007
14645234
14645242
14645506
14645718
14647410
14647450
14653779
14656210
14657501
14660657
14665433
14665640
14667819
14668346
14670075
14673144
14679297
14684752
14685242
14685266
14688263
14688280
14690436
14690447
14690596
14695475
14697242
14699111
14699138
14699155
14699157
14701856
14702098
14704368
14704793
14706341
14707129
14722096
14722125
14722127
14724641
14728725
14729945
14729955
14729983
14730312
14734562
14734615
14739303
14741690
14743216
14749374
14757742
14759516
14761963
14764533
14764897
14766232
14766748
14769798
1495999
14960283
14960576
14961764
14963038
14966134
14966265
14966270
14970175
14973226
14976184
14978237
14982987
14985333
14988395
14993287
15003504
15003508
15004556
15007072
15007095
15009185
15014045
15014070
15017149
15024054
15024056
15024086
15024091
15029247
15030775
15031288
15034927
15039421
15039427
15039444
15039462
15044087
15047705
15048129
15059901
15064394
15064705
15064760
15066126
15066998
15067080
15067085
15069082
15070676
15070827
15073173
15075345
15077195
15078891
15081397
15084260
15084582
15084608
15086518
15087455 
15090545
15093542
15094042
15096476
15104092
15107016
15107417
15107846
15115707
15121859
15121872
15121898
15122321
15123239
15123426
15130945
15136586
15138251
15140887
15143182
15143214
15145939
15147886
15147888
15147900
15148318
15150087
15150264
15150271
15153109
15161933
15161943
15163629
15169778
15169787
15169888
15169905
15173123
15173187
15173580
15175157
15175328
15175343
15178252
15178681
15181153
15182856
15184390
15184391
15187094
15187115
15187129
15192015
15192100
15200957
15201285
15205467
15207703
15208311
15210690
15210729
15213237
15217838
15217908
15218035
15225550
15225643
15226358
15229217
15234964
15240561
15240704
15241416
15242768
15242774
15247281
15249124
15249540
15251447
15254226
15257295
15258597
15268862
15277237
15277532
15280543
15284024
15292195
15292220
15292262
15294914
15298678
15300255
15300592
15302198
15302871
15302918
15310755
15316024
15322091
15322115
15323523
15324660
15326478
15327770
15334086
15337770
15340068
15341520
15341735
15345588
15350225
15351743
15355958
15355997
15356101
15356130
15357952
15358203
15358775
15359284
15361868
15362850
15364920
15364954
15367631
15374939
15375157
15378030
15383276
15383523
15385932
15388330
15388348
15450207
1545122
15452120
15452121
15456791
15465036
15465816
15465831
15467718
15467747
15467753
15469934
15470047
15470505
15474016
15474031
15474475
15479637
15485634
15485821 
15485837
15485920
15489234
15489293
15492215
15492225
15494312
15494398
15496141
15496409
15502848
15507451
15507525
15509808
15520859
15522877
15522878
15522880
15522894
15525529
15531761
15533720
15536069
15536134
15538381
15539407
15542832
15546958
1555584
15556946
15557191
15561713
15561726
15569669
15569672
15572357
15572679
15574499
15582594
15582653
15585864
15588942
15590671
15590691
15590694
15596729
15601820
15601829
15604093
15611223
15613484
15616169
15616583
15629131
15629146
15634346
15637066
15640526
15642721
15647277
15649887
15650747
15655247
15657065
15657077
15661910
15664191
15665819
15665823
15668918
15670845
15671248
15673687
15674327
15674331
15677474
15684054
15684397
15691841
15693750
15694388
15695387
15695802
15695821
15696169
15701524
15701600
15702480
15703212
15703780
15705871
15707389
15707590
15714581
15718470
15720550
15722200
15722337
15728254
15728506
15733859
15735682
15743413
15743811
15743837
15746095
15749826
15749911
15753085
15753091
15753127
15760907
15761153
15764595
15766557
15767370
15775988
15778222
15778339
15791691
15793005
15796912
15798218
15805285
15806160
15808505
15808510
15809305
15814722
15817165
15817483
15818410
15824732
15826941
15833358
15833848
15837948
15841462
15843372
15843398
15845448
15845454
15845455
15845920
15849194
15849357
15851026
15851513
15852007
15854902
15855639
15856023
15857834
15857835
15861136
15866876
15870198
15870263
15870274
15870695
15878852
15879090
15882992
15888437
15894263
15895091
15896703
15899873
15905581
15908432
15908446
15910284
15911626
15917222
15922723
15922746
15925322
15928042
15932879
15940673
15941918
15944293
15946939
15946947
15950906
15951434
15952059
15953362
15958209
15958533
15963462
15964779
15964826
15967802
15967991
15972957
15978943
15979846
15982634
15986239
15988003
15988011
15988755
15993755
15994789
15996101
15998322
15998799
16002564
16002577
16007074
16007099
16007227
16009132
16012170
16014379
16020751
16023083
16023208
16024783
16024789
16024801
16024804
16034099
16036220
16037064
16037825
16040616
16041367
16043512
16049006
16049941
16052631
16054098
16061648
16079148
16081415
16087734
16091750
16098514
16099106
16099873
16099876
16107690
16107720
16108830
16115877
16115889
16116205
16118204
16123044
16126725
16126846
16126907
16127453
16127460
16135788
16139227
16140744
16141329
16143103
16144798
16153868
16154084
16154093
16155125
16161933
16163708
16166632
16166642
16169070
16174766
16177806
16178869
16179260
16183743
16184196
16189514
16199887
16203728
16203735
16209943
16219639
16219695
16221682
16226509
16227615
16227629
16230076
16230374
16236719
16237464
16239428
16242075
16252010
16256741
16260598
16260608
16260783
16263253
16263936
16265664
16271312
16272300
16273101
16278047
16280327
16281057
16282323
16282323 
16282325
16284179
16284400
16286006
16286016
16286920
16287849
16287866
16298512
16301319
16301335
16301747
16303288
16303962
16306043
16306936
16306937
16308569
16322207
16323247
16325582
16331976
16338228
16339151
16339216
16339969
16352606
16354652
16354686
16357133
16357137
16360132
16360644
16362036
16362042
16365047
16365278
16365431
16365431 
16368432
16377635
16378096
16382134
16382137
16390869
16393961
16393988
16393995
16394098
1639773
16401721
16405655
16405865
16407280
16408005
16410385
16410793
16413502
16415351
16415872
16418290
16428447
16431922
16436051
16436380
16439361
16440001
16449524
16452229
16453023
16456001
16459330
16464865
16467844
16467876
16474839 
16475831
16476059
16481475
16482509
16484229
16484540
16487070
16490784
16492792
16495481
16497931
16498412
16500080
16501569
16501598
16507986
16510124
16512786
16513645
16517408
16517750
16527821
16540654
16541103
16543409
16546130
16547231
16547522
16547966
16549498
16551621
16552041
16554819
16565088
16568092
16574648
16574867
16575408
16581800
16581801
16585524
16585540
16585559
16585594
16600570
16601202
16603397
16603398
16612387
16613850
16624523
16631613
16636147
16636667
16641293
16644721
16644730
16644731
16648306
16648477
16648488
16650898
16651270
16651533
16670288
16670301
16670331
16672363
16682006
16684768
16684815
16690127
16699525
16702305
16702405
16704426
16705181
16707500
16709808
16709817
16709866
16709866 
16710297
16713569
16714539
16720724
16730713
16737960
16751392
16754682
16757566
16760336
16762324
16762833
16769727
16769728
16780593
16785228
16785313
16785446
16785495
16786191
16793766
16798735
16798736
16799092
16799643
16803888
16803905
16806069
16815975
16818237
16818494
16818630
16818647
16818775
16823775
16824195
16824733
16824735
16831874
16834340
16837165
16840786
16847060
16848791
16849487
16849535
16858406
16858407
16866871
16869888
16870151
16870609
16874300
16880511
16880526
16881872
16882988
16887332
16888014
16890161
16891304
16893890
16893894
16899216
16905106
16909210
16914719
16915281
16919458
16920630
16920712
16920917
16920950
16921024
16924104
16924234
16925784
16930546
16931574
16931600
16934893
16936264
16936772
16940178
16943418
16944923
16951367
16951372
16951688
16956890
16959574
16959610
16962653
16963224
16963226
16963469
16963840
16964262
16964381
16968706
16968744
16969126
16982699
16982744 
16982898
16985175
16990264
16990847
16998475
16998810
17000760
17000761
17001036
17003035
17005562
17007835
17008544
17008547
17008916
17011549
17012248
17012259
17012749
17015477
17015688
17015689
17015718
17018283
17018285
17018642
17020802
17020950
17030088
17030608
17035243
17038327
17040897
17040905
17043309
17043677
17046979
17047155
17052462
17053147
17054722
17054981
17056593
17056597
17057644
17069460
17070842
17074887
17077083
17077324
17079228
17081113
17082615
17087658
17088249 
17088326
17090543
17090604
17092936
17095088
17098818
17100642
17113085
17114460
17116752
17121833 
17126326
17126870
17130831
17138568
17138826
17138965
17139249
17141160
17141195
17142768
17145501
17146436
17148781
17158449
17158866
17163575
17174095
17177604
17178784
17179148
17182550
17182621
17187069
17189706
17190814
17192267
17193921
17197697
17200144
17208333
17210635
17210636
17213198
17217339
17217622
17219406
17220297
17220321
17223646
17228323
17234746
17234751
17235394
17237370
17242191
17242400
17244763
17253959
17254749
17255097
17255955
17261850
17267406
17272273
17273746
17273797
17273999
17274640
17276401
17276978
17276987
17277102 
17277771
17277779
17277885
17283176
17283187
17283331
17287208
17292329
17292587
17293456
17293595
17294738
17295905
17296604
17296724
17297438
17311912
17314098
17316564
17317627
17318174
17321468
1732409
17324924
17327220
17332487
17335903
17337443
17337451
17344420
17346710
17346928
17347651
17348859
17350623
17353276
17353363
17353931
17355907
17355961
17356065
17356069
17360653
17367410
17368478
17372273
17375198
17379600
17379601
17384289
17384642
17386266
17386267
17387146
17389358
17389650
17392278
17392515
17392790
17398097
17403142
17408603
17416748
17417641
17418098
17420447
17420470
17428802
17428970
17429597
17431422
17435760
17437405
17438366
17439941
17442957
17446211
17449468
17452325
17452530
17452626
17452998
17460044
17461779
17462998
17463226
17466273
17468107
17468758
17470430
17470459
17471507
17473852
17481567
17481653
17483092
17485448
17486067
17486091
17486093
17488724
17491012
17494702
17502350
17502379
17506820
17507652
17513295
17513296
17515463
17515613
17517883
17521179 
17524503
17525161
17535800
17535812
17537734
17540767
17540773
17541429
17544371
17544405
17545609
17548579
17548604
17548614
17551095
17553524
17554339
17558024
17560374
17563747
17565718
17565979
17567982
17568778
17569659
17569669
17570359
17572661
17573772
17576816
17577583
17577629
17579016
17580304
17581699
17583757
17588663
17591701
17591779
17592138
17599067
17599408
17599906
17600090
17604271
17606978
17613518
17613533
17618271
17620012
17620337
17623278
17634952
17635994
17639074
17643371
17658474
17659302
17660512
17664335
17664339
17667941
17670986
17671196
17686459
17689282
17693255
17699685
17700517
17702576
17703191
17704137
17707232
17709380
17709747
17712528
17715399
17716627
17721627
17724133
17724469
17725582
17726008
17726152
17761676
17765974
17767165
17785208
17785432
17803907
17804407
17804415
17805301
17823124
17823304 
17849173
17851586
17855452
17855547
17873281
17875713
17878161
17878343
17878362
17889671
17891140
17897103
17897953
17898872
17907186
17907925
17911102
17911113
17911633
17920684
17921140
17922036
17923090
17924656
17928295
17932028
17936701
17938171
17938208
17942410
17942896
17945310
17947233
17947236
17947393
17947705
17951246
17952078
17952117
17954568
17962196
17964261
17965022 
17965458
17974963
17982077
17985933
17990982
17991743
17991829
17991864
17992189
17993462
17997719
17997837
17997974
17998205
17998387
18003854
18003919
18003981
18022362
18024433
18024965
18025155
18025196
18025226
18027911
18028994
18029035
18029351
18030348
18037881
18037959
18040286
18045535
18045614
18046414
18052253
18056392
18056411
18062779
18065416
18065769
18068231
18070888
18079694
18080803
18082613
18083102
18083104
18083576
18083624
18086858
18089778
18093973
18093978
18097041
18155192
18160036
18160256
18160415
18174161
18174162
18174260
18179772 
18180283
18180332
18182252
18186648
18188453
18188456
18195016
18200010
18200499
18203720
18206350
18207245
18209068
18215133
18216101
18216283
18220274
18222170
18223652
18227156
18230607
18233962
18239685
18243101
18243111
18246070
18250410
18250463
18250477
18263896
18267124
18272195
18273060
18276596
18281291
18283331
18288482
18292514
18296641
18296648
18296712
18299187
18303054
18307994
18308511
18308725
18316330
18316610
18316626
18321863
18322230
18322236
18327965
18330885
1833184
18332145
18333754
18339625
18339718
18339839
18342009
18342887
18345001
18353613
18354202
18354482
18354483
18359295
18362139
18362156
18362886
18373632
18375758
18378670
18381204
18381890
18382763
18382895
18385518
18387958
18391954
1840701
18408005
18408006
18411301
18413232
18413247
18420585
18423201
18426801
18426911
18429822
18434325
18439848
18439900
18440775
18443221
18445477
18448665
18448674
18448868
18450748
18451111
18453587
18455983
18456457
18458084
18459960
18467330
18467332
18471880
18474241
18485875
18487611
18490383
18490760
18497260
18503049
18505677
18508766
18511561
18511575
18519641
18523284
18524774
18535250
18535780
18550535
18550814
18556463
18560356
18566411
18566586
18570872
18570873
18570918
18574028
18577516
18577518
18577712
18583960
18593881
18593917
18595660
18599299
18606683
18606809
1860869
18614546
18616680
18617513
18619508
18622013
18625728
18628207
18628297
18628966
18633106
18634786
18635538
18635601
18635759
18636086
18636090
18641315
18641343
18641390
18644795
18644987
18652890
18655788
18658153
18660381
18662664
18667412
18668140
18668687
18670883
18671972
18676370
18676681
18678383
18680750
18684971
18687693
18687895
18690650
18708069
18710948
18711448
18719121
18724357
18724371
18725205
18725521
18729074
18753212
18754678
18755269
18758466
18762249
18764783
18772134
18773956
18775659
18775991
18778683
18784254
18787170
18789888
18793716
18809673
18818105
18818394
18818696
18819914
18819931
18820298
18832710
18836437
18836450
18838383
18840094
18840708
18841514
18843052
18849341
18849583
18851840
18854306
18922473
18923649
18924132
18925875
18927610
18931307
18932217
18936157
18937504
18941233
18946037
18948217
18948594
18949366
18951048
18952601
18952891
18957027
18957422
18974095
18977754
18990700
18991397
18996842
18997794
19000755
19004011
19011090
19016746
19017631
19027002
19028678
19032150
19032343
19032775
19035457
19036819
19039329
19043453
19049976
19049980
19050071
19050261
19054766
19056683
19059912
19064921
19066282
19074829
19079338
19079364
19080345
19081057
19084272
19103589
19108028
19114562
19115252
19118655
19118901
19122209
19122653
19124466
19124602
19124746
19136564
19136629
19136968
19137013
19137262
19139280
19139564
19145465
19147678
19150402
19150425
19151749
19153231
19153595
19154986
19155217
19158675
19158676
19164292
19164550
19166926
19167362
1917996
19180241
19181385
19181662
19181746
19182775
19190236
19193783
19193995
19198608
19201866
19204086
19211056
19211835
19218087
19224918
19224920
19225049
19225151
19229320
19232515
19233132
19234194
19250911
19251936
19252486
19254567
19258035
19258318
19264983
19265148
19265157
19265160
19265198
19266573
19267404
19268462
19269966
19270693
19270696
19270711
19272448
19273585
19276681
19285080
19285159
19285436
19285439
19286660
19287004
19287211
19287455
19289497
19294699
19296467
19323566
19325567
19337385
19342671
19347031
19349988
19358819
19364813
19365808
19385034
19398754
1940342
19404397
19409814
19412184
19414537
19416887
19417104
19419955
19426678
19430534
19430901
19444310
19451267
19464198
19465385
19465923
19479062
19481526
19483718
19484123
19487420
19490114
19491104
19506020
19506249
19521662
19523849
19523899
19531477
19531803
19535145
19546225
19549685
19553542
19556242
19556244
19559631
19561084
19561593
19564354
19574958
19584057
19584092
19590578
19592497
19592658
19596804
19596990
19597335
19603745
19605696
19615732
19617352
19631370
19632990
19635795
19637314
19643730
19651619
19656901
19661464
19665990
19666106
19667091
19667122
19667203
19684158
19687229
19690333
19692591
19696020
19698991
19706535
19713971
19716405
19717524
19718038
19727205
19734229
19734231
19734906
19735729
19747912
19752193
19754427
19759286
19782405
19783052
19783680
19786094
19795416
19799567
19807128
19812192
19812269
19815557
19818398
19820708
19822672
19825828
19828694
19837375
19837667
19837984
19838173
19838198
19840833
19850925
19850933
19853919
19854139
19858221
19858347
19880523
19881509
19883646
1988949
19889638
19893624
19898471
19898473
19901969
19903813
19903815
19910486
19914245
19915002
19915568
19918265
19920136
19931284
19931640
19934318
19935702
19940113
19940114
19940129
19948740
19955178
19966288
20002784
20005866
20019757
20023662
20032188
20033057
20037584
20042607
20044140
20047764
20057503
20070253
20080758
20080774
20090772
20093369
20097753
20098705
20100830
20100835
20100911
20100929
20103772
20110267
20127681
20149866
20154682
20159979
20161788
20167604
20171181
20173742
20174559
20175781
20184394
20185725
20185820
20200155
20200270
20200282
20206131
20206555
20208538
20211142
20211863
20237821
20308324
20309604
20348427
20348948
20351292
20351694
20354186
20360684
20363749
20364327
20375621
20378532
20379791
20385093
20385562
20389019
20392859
20398663
20400501
20406818
20417604
20418377
20419088
20428112
20434986
20439986
2045125
20452972
20453844
20462248
20471086
20485341
20498378
20498632
20501938
20505072
20506188
20510162
20530874
20534545
20537536
20547752
20557936
20562859
20581830
20599701
20600853
20610816
20616007
20622119
20622854
20622903
20628368
20639872
20639876
20639877
20657822
20660350
20661427
20668674
20671117
20676092
20676093
20676095
20685965
20694009
20724660
20732873
20797700
20802483
20818395
20829348
20829512
20837465
20839231
20855887
20855896
20865800
20881058
20890284
20890285
20935647
20953201
20966070
20971808
20974991
21037577
21057510
21060781
21070852
21074459
21078624
21078886
21098228
21102435
21106539
21106850
21115493
21115737
21120624
21131964
21131965
21131966
21131967
21138416
21151104
21167304
21183682
21186367
21187075
21187340
21204009
21209316
21217760
21220426
21220427
21224476
21228116
21240265
21245135
21245151
21247889
21248248
21252346
21263070
21263073
21268015
21268080
21270397
21278351
21278738
21285368
21325272
21331046
21343618
21346255
21383176
21383675
21383699
21385879
21399639
2141838
21419663
21435586
21441935
2145361
21460221
21471526
21474105
21478879
21481794
21487015
21490156
21497117
21502975
21518253
21518930
21525390
21531719
21551061
21552281
21555464
21575908
21575909
2158863
21602809
21619930
21625432
21636860
21640080
21653699
21685908
21685939
21690088
21695056
21695243
21703539
21703540
21703541
21709223
21715684
21719482
21724847
21725320
21730052
21734074
21743479
21750196
21757649
21757718
21757726
21757742
21763497
21795403
21813773
21827211
21829704
21832049
21844353
21846723
2184886
21854986
21873236
21873432
21876773
21887328
21900201
21903422
21911421
21949249
21952047
21959264
21963853
22000020
22025551
22033459
22034099
22045852
22087031
22095712
22105485
22120521
22123964
22139835
22145905
22158417
22164301
22170068
22174154
22184106
22221265
22223641
22226971
22229154
22232181
22246237
22246778
22249179
22253930
22262844
22265677
22269951
22271762
22278372
22328140
22337885
22386596
22403803
22418431
22421964
22423966
22423967
22423968
22433852
22442685
2244876
22453241
22480684
22483800
22485159
22493489
22531926
22532668
22588119
22589543
22648953
22661700
22705850
22745191
22749352
2278997
22791714
22792062
22842477
22842492
22844514
22860023
22885697
22911572
22912779
22912825
22921120
22948160
22949645
22949657
22995936
23022382
23028052
23063725
2307934
23122956
23143987
23148227
23150880
23236554
23308066
23374343
23386060
23395675
23399697
23402750
23431180
2361960
2745554
2788034
2848815
2922050
3095922
3098894
3402455
4062888
6815536
7499280
7499312
7514608
7515933
7522230
7527811
7535768
7537381
7537495
7539053
7544789
7545673
7559398
7559568
7559603
7565724
7566124
7569900
7592830
7618083
7626640
7636264
7648395
7650013
7651403
7651415
7657660
7673114
7681595
7682714
7692236
7706312
7717978
7718508
7721873
7722467
7729685
7737969
7744875
7759884
7768900
7781605
7796808
7797565
7798194
7831290
7839144
7852363
7854420
7862168
7878046
7890604
7901013
7910967
7911493
7925301
7929391
7947821
7957045
7957082
7957875
7969158
7973657
7982919
7999105
8001819
8007942
8026467
8041779
8068943
8132497
8134389
8142597
8171323
8178155
8195702
8197182
8226933
8245475
8248239
8266077
8266078
8294403
8390986
8397104
8434021
8483502
8521827
8524223
8524272
8524310
8530354
8548810
8554611
8568232
8580082
8586671
8590020
8599949
8605876
8608943
8609175
8609418
8612580
8616895
8617742
8621459
8622669
8626489
8626550
8626664
8627166
8628317
8631802
8631895
8638126
8639605
8639787
8642344
8643509
8647802
8647804
8650207
8652557
8654373
8655583
8660921
8662698
8662823
8662842
8662882
8663118
8663460
8666815
8670865
8692888
8700869
8700888
8702477
8702790
8702798
8706128
8706672
8749329
8753773
8755496
8756628
8758906
8760383
8760815
8790359
8790394
8797804
8813152
8824585
8837778
8846788
8855313
8858107
8887627
8887661
8892228
8894436
8900201
8901634
8910586
8939933
8939948
8939971
8940087
8940179
8943050
8943351
8946919
8954125
8958964
8960125
8978300
8980228
8986819
9001223
9013873
9013879
9020136
9024699
9029135
9029147
9032259
9032295
9038355
9065461
9078393
9092512
9094628
9096323
9099704
9113989
9115216
9115287
9115393
9120258
9121453
9121587
9126332
9133417
9135156
9139699
9150145
9153187
9153228
9153236
9154828
9155017
9160881
9160883
9162092
9164872
9168896
9169439
9169454
9169459
9169480
9171063
9174624
9178760
9182573
9182575
9195930
9199344
9207092
9208847
9210477
9211859
9211946
9213219
9214391
9223278
9230442
9233603
9234702
9235916
9242679
9250404
9252386
9256474
9261115
9261175
9268059
9287323
9299557
9305638
9305639
9312026
9312047
9315679
9325300
9334222
9334240
9341198
9342359
9343414
9346309
9346908
9351825
9360988
9367539
9367996
9371760
9374458
9380701
9388184
9388227
9395435
9398404
9405404
9405455
9405619
9407058
9407132
9417082
9419974
9422791
9427629
9428692
9430229
9430724
9442085
9461596
9463386
9464567
9465032
9468139
9470132
9478924
9480818
9485196
9488716
9492017
9498755
9499405
9501082
9507023
9507024
9512493
9514903
9520455
9525868
9535219
9535896
9545235
9545258
9548457
9558365
9560294
9566918
9566925
9568901
9575181
9575217
9581808
9582023
9584171
9590210
9593745
9625770
9628874
9633884
9647220
9647732
9647778
9659924
9660935
9663463
9663660
9681824
9685412
9687510
9692901
9694899
9700170
9707433
9718306
9721103
9722579
9733772
9736735
9737713
9742969
9751059
9763423
9765275
9774341
9774439
9774654
9780213
9790917
9792673
9792704
9794795
9794812
9819398
9819408
9819420
9823333
9824671
9827804
9837883
9841871
9843440
9846482
9857190
9858547
9862452
9867848
9869640
9872990
9875225
9878061
9878069
9880544
9891086
9918857
9927044
9927690
9928991
9933589
9988280
9990007
9990039
9990060
9990852
9990853
