10021361
10022904
10022928
10023660
10024882
10025398
10026136
10026192
10026222
10029069
10036229
10037799
10049942
10051567
10053006
10064069
10064083
10064597
10066435
10067895
10068650
10072072
10072481
10075656
10075701
10075724
10077652
10079109
10079256
10082512
10082553
10092233
10097073
10100623
10102266
10102268
10102273
10187838
10191087
10194441
10194514
10195903
10198291
10198631
10199400
10200466
10201950
10202154
10205060
10205180
10206645
10206952
10206961
10206966
10207047
10207111
10209034
10212474
10214908
10215864
10217420
10218588
10224040
10224278
10225955
10229797
10230406
10235266
10318789
10321728
10322410
10323868
10329646
10330143
10330172
10330177
10339564
10350061
10357856
10358045
10358072
10358075
10364168
10364220
10368288
10371034
10371504
10373510
10373557
10374881
10375532
10376602
10376603
10377264
10381885
10394364
10395539
10395669
10397721
10397761
10402461
10411507
10413516
10421367
10421368
10421843
10424889
10426996
10428864
10436018
10438626
10438935
10440375
10446041
10446189
10449773
10454565
10455108
10460157
10461880
10465784
10469173
10469573
10469599
10470034
10473558
10473568
10473623
10477686
10477722
10479448
10480903
10480933
10480952
10485710
10485843
10487978
10490026
10490030
10490103
10490848
10490993
10491328
10497202
10498338
10499587
10504389
10504731
10506123
10508235
10512690
10514377
10514424
10518787
10518945
10520995
10521347
10521483
10523313
10523831
10523834
10526214
10529219
10529898
10531003
10531061
10531062
10531307
10531310
10531334
10531386
10535940
10535941
10536878
10540230
10542297
10542397
10543983
10544125
10544250
10548110
10549282
10549626
10550055
10551777
10551832
10559246
10559261
10559916
10559936
10559940
10562567
10564271
10564664
10567358
10567430
10570274
10572074
10572166
10574949
10579907
10581243
10583376
10583407
10583946
10585430
10593898
10593899
10593924
10601273
10601333
10604470
10604473
10604985
10605720
10607567
10608864
10611248
10611478
10614670
10618369
10618429
10620603
10627461
10629050
10629055
10631941
10631952
10637334
10639125
10639137
10640428
10640743
10644574
10644685
10644753
10646523
10648173
10648409
10648410
10648629
10649434
10652257
10652353
10655614
10656791
10656792
10659855
1066663
10669757
10671560
10673366
1067618
10676816
10677367
10679020
10679238
10679268
10679438
10681634
10688839
10694513
10698200
10698692
10702308
10704444
10706100
10706668
10706702
10712517
10713148
10713164
10722704
10723025
10723029
10723127
10725331
10725696
10725697
10728666
10734115
10734310
10742600
10744696
10744726
10744977
10747026
10747093
10747096
10747208
10748026
10748235
10751307
10753916
10757793
10757800
10759542
10764623
10764727
10770799
10777492
10777559
10777583
10777614
10777662
10777694
10778855
10779545
10781579
10781587
10781589
10781596
10781601
10790433
10790862
10793135
10799894
10804209
10805738
10805775
10805787
10807576
10810289
10811803
10811835
10818153
10822381
10823823
10823831
10825200
10825291
10827953
10835426
10838074
10842173
10842181
10846177
10849438
10851062
10851237
10854325
10856305
10858437
10859164
10860980
10861009
10866047
10866201
10868950
10871633
10877843
10878576
10878805
10878807
10879540
10881997
10882063
10882098
10882101
10882133
10884341
10884394
10884405
10887121
10887178
10891503
10892742
10894160
10896934
10898936
10899166
10899625
10899937
10908332
10912521
10913131
10913176
10914484
10917896
10918587
10921872
10921897
10924499
10924520
10925294
10929008
10930463
10932256
10933394
10934204
10934207
10934324
10934479
10935490
10935626
10935637
10940905
10944113
10949031
10949035
10950869
10951195
10954531
10954748
1095581
10956669
10958687
10959836
10964917
10966814
10969042
10973490
10973499
10982388
10982397
10982827
10982844
10986460
10987286
10990447
10995389
10995436
11001057
11002417
11004490
11006133
11013220
11013247
11017172
11018020
11018042
11018049
11018120
11024015
11024047
11024059
11027606
11030716
11035788
11035813
11038187
11042166
11042191
11042394
11046155
11048639
11053437
11054877
11055896
11056388
11057907
11060282
11060443
11062056
11062261
11063749
11069889
11070003
11071869
11071886
11073981
11074001
11076937
11076968
11078440
11081627
11084335
11085925
11087742
11087757
11094073
11095689
11095724
11099377
11099414
11100470
11101518
11106668
11112487
11114298
11114375
11117535
11118210
11118213
11118221
11119712
11121043
11121055
11121117
11123271
11124251
11125146
11136719
11139592
11149895
11152476
11157096
11157491
11157743
11157749
11158056
11158580
11159893
11160214
11160719
11160957
11163199
11163209
11163210
11165242
11169766
11170142
11181178
11191051
11196645
11201747
11204562
11221888
11222639
11226238
11226282
11226752
11231585
11232563
11238451
11238463
11239160
11239454
11242053
11244088
11248093
11250653
11250901
11250913
11256994
11257231
11262396
11264294
11264352
11274177
11274386
11274402
11276226
11278251
11278283
11278287
11278319
11278486
11278797
11279012
11279150
11283017
11283257
11283721
11285137
11285224
11285280
11290605
11292861
11292862
11294897
11294908
11297558
11306556
11313359
11313499
11313909
11313914
11313965
11316748
11316783
11322507
11323411
11323433
11323434
11323673
11328862
11330046
11331269
11331308
11331603
11333016
11340051
11340081
11340163
11342438
11353842
11358837
11368773
11371342
11375980
11376007
11385580
11387210
11389444
11389842
11390368
11390642
11390650
11395415
11395502
11408587
11414686
11421366
11423904
11427533
11429702
11431473
11433015
11441146
11441147
11447115
11447223
11447289
11447294
11449366
11452083
11454738
11457814
11457843
11459787
11460167
11461910
11463392
11463840
11473323
11476890
11481033
11483512
11485553
11485994
11486000
11486021
11487608
11493706
11494148
11495705
11498534
11498544
11500511
11502696
11504942
11509558
11509732
11511374
11513152
11513608
11514575
11514579
11518510
11518718
11520784
11522292
11524432
11527981
11529500
11532940
11532962
11535616
11544179
11544254
11546874
11551508
11551958
11557037
11561168
11562423
11563910
11564764
11566266
11574155
11585921
11588141
11588157
11591141
11598127
11598268
11598301
11602640
11604131
11604418
11606061
11606067
11606584
11607830
11607834
11672528
11673449
11677243
11679632
11684289
11689006
11689432
11689702
11693189
11694501
11694537
11694590
11696542
11698404
11700320
11707068
11707405
11707585
11709078
11714695
11714716
11715018
11717445
11717447
11718896
11719186
11719518
11729324
11737239
11739083
11739186
11739401
11739720
11739726
11740940
11741541
11741893
11742988
11744692
11748230
11751371
11752630
11753430
11756498
11756551
11756651
11773063
11779503
11779505
11781872
11782313
11782431
11784853
11786497
11788602
11788658
11790530
11796141
11800564
11803464
11804586
11804589
11807247
11809791
11812992
11815450
11815463
11815627
11817894
11821395
11821425
11823423
11823441
11825621
11827988
11830519
11830581
11830582
11832410
11836381
11839743
11844797
11853874
11857637
11858820
11859075
11861603
11865025
11873862
11879202
118839
11884610
11889047
11894095
11897663
11897784
11901181
11901194
11907036
11907067
11909529
11909947
1191677
11926830
11927537
11931757
11934878
11937491
11940607
11943772
11943775
11946536
11948691
11955436
11955593
11955595
11955599
11956142
11956313
11959977
11959990
11960013
11964076
11964389
11964406
11967258
11968001
11969368
11970960
11972023
11976720
11980922
11986212
11986311
11986329
11988487
11988738
11991638
11994459
11994499
11994746
11997396
11997436
12000790
12005431
12006501
12009017
12011067
12021776
12023008
12023295
12032298
12034449
12036966
12039074
12040185
12042299
12045100
12045255
12049766
12050117
12051921
12055245
12060767
12062105
12062470
12063393
12065586
12068295
12070128
12070135
12072436
12078484
12080076
12080085
12082080
12083769
12093729
12095920
12098667
12101119
12101228
12106601
12107159
12107169
12110171
12112473
12114024
12123608
12123826
12124177
12133833
12134156
12134158
12138164
12138165
12138178
12138205
12140561
12145278
12149255
12149262
12150915
12150926
12150994
12151385
12154370
12163485
12167717
12171911
12172541
12172553
12176931
12177166
12180908
12181749
12186630
12191481
12191486
12192036
12193656
12194817
12194985
12196628
12198154
12198173
12198496
12198549
12200445
12202038
12208882
12209127
12218059
12218187
12218189
12220224
12220504
12221085
12221107
12221128
12223548
12228227
12228231
12231622
12234920
12239347
12241545
12242293
12242332
12244303
12297423
12324455
12351678
12354787
12356719
12358597
12359729
12364596
12364621
12370288
12370410
12372285
12379113
12379487
12391017
12391150
12391162
12393749
12393804
12396008
12399544
12403834
12411504
12411505
12411508
12411582
12414731
12414809
12415008
12417130
12417715
12419185
12419216
12422220
12426574
12427552
12427746
12429738
12433842
12435635
12438563
12441051
12441129
12444928
12446846
12447441
12447442
12456642
12456653
12464675
12464682
12466191
12470955
12471028
12471035
12471095
12471124
12473184
12475640
12477934
12482908
12482924
12482991
12485116
12486012
12486116
12492399
12493740
12493757
1249422
12496252
12496264
12499396
12506110
12506116
12507995
12508280
12515382
12515866
12518019
12519765
12519779
12522689
12524439
12525615
12529404
12530964
12538644
12538664
12538665
12539043
12540846
12540854
12554650
12554878
12556884
12558975
12559132
12571226
12578958
12582176
12585966
12588680
12588972
12590147
12591950
12592392
12593795
12593796
12604599
12606939
12607003
12607005
12609980
12615073
12615973
12620240
12624089
12624108
12634428
12639902
12639954
12640026
12642619
12646216
12646273
12646563
12646579
12651161
12657644
12660156
12660326
12660731
12663786
12667806
12668644
12668660
12668668
12668767
12670391
12670394
12676794
12679033
12679384
12684222
12692549
12692552
12692556
12695496
12697670
12699629
12700044
12704183
12705825
12714592
12718880
12719537
12724322
12730199
12730235
12732628
12738781
12743109
12748283
12748383
12750892
12752666
12757705
12757706
12759359
12761225
12764144
12765789
12766170
12773400
12773651
12776181
12776204
12778123
12785837
12787574
12788804
12788921
1279089
12791267
12791985
12791994
12794186
12796776
12799359
12802054
1280419
12804595
12805220
12807870
12807873
12807887
12807903
12808465
12810533
1281479
12815021
12815048
12815057
12819195
12820959
12821673
12821933
12824176
12825073
12832462
12832467
12832624
12839990
12842042
12842885
12843241
12846735
12852856
12852857
12853446
12853463
12855578
12855811
12855817
12857866
12860405
12860470
12865409
12869563
12869586
12871269
12874280
12878163
12878586
12881521
12881528
12882840
12884299
12884866
12886008
12887316
12887920
12893276
12897153
12904166
12906785
12907439
12907687
12907755
12909021
12911816
12912907
12913006
12915721
12917691
12923261
12925712
12927775
12927802
12930917
12935895
12938160
12938237
12939256
12942088
12944405
12947224
12947415
12953056
12956774
12958313
12963821
12970193
12974390
1310361
1310594
1311092
1311314
13115432
1313946
1314164
1314587
1317848
1322796
1323838
1325670
1328683
1329093
1331173
1333056
1333190
1333888
1337145
1346068
1347957
134998
1355481
1370087
1370451
1371271
1371879
1374236
1374246
1374684
1375232
1375321
1376928
1379698
1381360
1383255
1384126
1386357
1390635
1395
1396555
1396585
1396589
1396683
1400495
1406973
1417831
1426053
14280442
1438243
1439791
14463577
14500360
14504267
14505571
14510693
14511394
14514350
14517248
14517278
14519192
14522967
14522968
14527418
14528301
14529530
14534538
14550283
14556004
14560030
14563551
14564014
14567914
14567916
14573733
14583602
14595024
14605214
14607834
14613973
14614828
14615387
14615490
14615605
14622290
14622581
14624239
14624836
14625308
14627435
14627618
14631048
14633987
14636577
14645851
1465135
14651849
14657019
14657031
14657501
14660670
14665621
14665640
14668441
14671004
14673001
14673179
14681208
14681859
14685229
14685275
14688255
14691562
14695475
14701753
14701756
14701808
14703513
14707061
14707126
14712218
14718169
14718384
14718519
14718570
14719373
14722252
14726512
14729598
14730017
14730319
14731593
14732096
14737186
14739303
14742685
14742870
14743218
14744022
14749497
14749774
14750904
14751759
14754902
14761955
1480033
14958
14960576
14960584
14966521
14973490
14976220
14977973
14978253
14980219
14982929
14983052
14985505
14985763
14993220
14993226
14996700
15000751
15004239
15005707
15007061
15007255
15014042
15014438
15020713
15021893
15023535
15029211
15029244
15031289
15034010
15034551
15037762
15040784
15044469
15050920
15054114
15059917
15060529
15062104
15063764
15064760
15067078
15070733
15075231
15082796
15084594
15085179
15087470
15090545
15094036
15096212
15098018
15102850
15109305
15116089
15117938
15117950
15118073
15118125
15122200
15123686
15125634
15125833
15126567
15128850
15131269
15131306
15136729
15142525
15143187
15145317
15148369
15150273
15150278
15157149
15159419
15161916
15163724
15164066
15166224
15169762
15169778
15169888
15175151
15175153
15178252
15182363
15183529
15187135
15187158
15189140
15190204
15199097
15199141
15199159
15199963
15202998
15207236
15207811
15208308
15210733
15210742
15210812
15218037
15218527
15223
15226314
15231819
15235794
15239670
15239952
15241424
15247232
15247287
15254227
15258591
15260976
15265795
15265913
1526987
1527003
15272312
15276183
15280376
15282208
15283675
15284455
15286279
15287722
15292224
15292271
15294915
15294972
15299016
15304001
15304223
15308688
15310786
15312780
15314020
15322115
1532572
15327769
15327770
15329413
15330449
15331416
15334074
15339662
1534149
15350224
15358536
15361868
15365099
15369671
15371334
15383453
15448205
15449939
15451466
15452130
15456755
15459198
15461586
15464082
15465037
15469690
15469846
15469984
15470142
15471851
15471943
15474027
1547496
15475003
15475613
15476407
15479846
15485880
15485907
15485925
15486459
15489910
15489916
15491150
15491992
15492225
15494732
15494734
15496141
15496460
1549776
15504864
1550550
15509555
15509564
15509595
15509800
15525596
15525639
15526033
15526160
15527798
15528364
15530433
15531507
15534001
15534202
15536084
15538381
15541657
15542682
15546612
15546618
15550381
15550623
15557120
15557162
15560372
15564375
15568014
15569269
15569692
15569716
15572341
15573119
15574420
15574878
15579503
15579580
15580655
15591024
15596121
15597056
1560526
15607800
15609342
15610137
15611108
15613341
15620648
15620693
15623578
15632203
15634346
15637081
15642270
15643424
15644312
15652348
15652488
15657036
15657421
1567413
15676027
15678101
15681301
15684404
15687258
15687497
15688006
15692013
15701642
15701692
15702989
15705595
15707391
15708849
15708861
15710388
15713743
15714590
15718470
15721257
15721307
15723797
15728349
15731250
15737063
1574116
15741237
15743907
15749015
15749160
15749704
15755954
15760269
15761026
15761148
15767370
15767667
1577494
15778442
15778510
15781449
15781451
15781469
15788770
15800062
15800623
15808505
15809305
15814722
15817463
15820681
15821733
15824097
15829515
15837422
15837794
15843475
15855260
15863029
15863030
15870016
15878854
1588291
15884055
15886116
15893672
15896744
15897605
15899885
15901826
15910001
15911768
15917222
15917247
15919790
15921909
15927284
1592877
15935055
15940674
15944294
15944945
15946952
15947423
15950618
15951850
15952888
15958495
15960985
15962010
15962011
15965470
15971998
15973356
15980156
15994232
16000162
16002701
16003770
16005629
16008342
16009940
16024644
16024789
16027725
16040750
16054028
16055064
16056267
16061177
16061658
1607388
16076873
16091383
16091734
16093323
16102042
16102047
16103193
16107333
16112642
16115877
16115959
16122702
16123041
16123081
16125763
16127453
16129412
16129888
16129954
16139798
16140923
16140969
16141059
16142218
16153868
16155256
16158190
16166375
16171819
16175173
16179341
16182515
16186508
16186820
16186825
16187797
16188938
16188976
16198295
16200213
16204230
16205122
16209941
16209946
16212421
16212495
16219796
16221857
16234328
16237089
16239428
16242130
16246173
16252010
16256737
16258728
16260493
16260601
16260650
16260747
16262255
16262601
16267048
16268778
16272144
16281057
16282498
16284180
16284401
16284618
16284623
16284625
16286015
16286477
16286926
16288713
16289117
16289642
16291214
16292313
16297198
16299471
1629954
16301747
16306936
16306937
16326978
16327781
16330023
16332676
16332960
16339074
16339447
16343444
16352599
16356853
16356855
16357216
16364187
16364914
16368756
16371348
16373698
16407073
16407120
16407192
16407834
16409631
16415873
16415903
16418336
16424907
16428300
16429482
16439361
16439799
16443778
16452303
16452507
16455995
16460020
16465444
16467200
16467847
16467876
16469117
16473882
16474406
16476485
16477002
16479008
16483568
16503871
16505484
16507368
16513675
16519520
16525419
16530044
16531412
16533814
16533948
16540465
16541025
16543952
16546209
16547522
16548525
16551255
16556766
16556936
1655761
1656221
16564538
16580177
16581250
16581764
16582612
16585540
16585556
1658606
16591531
16597617
16597699
16600872
16601204
16602827
16603398
16606702
16612002
16618111
16618810
16622410
16622420
16623929
16626623
16630808
16630834
16634148
16641196
16648466
16648845
16672363
16682347
16682505
1668266
16691243
16696853
16698036
16699525
16702230
16710296
1671046
16714477
16715065
16715077
16719718
16722236
1672265
16722822
1672440
16732330
16737824
16737840
16750198
16751101
16751102
16751103
16751179
16753179
16754202
16754659
16757337
16762451
16763549
16775314
16777603
16778797
16780420
16782892
16790432
16799460
16807357
16814735
16815975
16818765
16824007
16844695
16846591
16847051
16847322
16849466
16849543
16857672
16858409
16864653
16872604
16873377
16880201
16880211
1688430
16884718
1688559
16892066
1689311
16893496
16893902
16895911
16895971
16904324
16904340
16906149
16906757
16912174
16914094
16914100
16916645
16919435
16920917
16923326
16928187
16930133
16930978
16931761
16932752
16933105
16933987
16938345
1693920
16939223
16940051
16943194
16943440
16953218
16954532
16964262
16968945
16969069
16971491
1697263
16973552
16973740
16973841
1697749
16978534
16978839
16979207
16981855
16983089
16987978
16990611
16992238
16994616
17003037
17007889
17011499
17012248
17016457
17018285
17021253
17021801
1702217
1702425
17027967
17028573
17029022
17030608
17030621
17035228
1703543
17036048
17047224
17047378
17052452
17053788
17064312
17064357
17066080
1706616
17070842
17071617
17081983
17085597
17086194
1708799
1709010
1710450
1710578
17110943
17112726
17113138
17113861
17116209
17116749
17128271
17133347
17135271
17141195
17145755
1714903
17157040
17167768
17172599
17174565
1717476
17177598
17177604
17178712
17182573
1718267
17182854
17188549
17190786
17196528
17196961
17199038
1719979
17202323
17202354
1720305
17210635
17213197
1721591
17218255
17218263
1722201
17222083
1722333
17223356
17224452
17230639
17237375
17237796
17245413
17249697
17253643
17255097
17255109
17255936
17275357
17283063
17283181
17289916
17297457
17301226
1730602
17306374
17306620
17311895
17312271
1731614
17316621
17318185
17322099
17322878
17324935
17327220
17331979
17337780
17339034
17339340
17339379
17344430
17349580
17351669
17352659
17356069
17363904
17363905
17369261
17369404
17369524
17372273
17379836
17380317
17386267
17392515
17392790
1739432
17395714
17395830
17401372
17408801
17409242
17412408
17418785
17428801
17428919
17428920
17434750
17435760
17442946
17444618
1744577
17449569
17452327
17452530
17460694
17463226
17468049
17478680
17483134
17485511
17486119
17496917
17505008
17507369
17509148
17510063
17510365
17525745
17525755
17526488
17531812
17532339
17541404
17545517
17552943
17555535
17559062
17561251
17562858
17580308
17580958
17591695
17591919
17595167
17600090
17603038
17603483
17603494
17607942
17607944
17611497
17618271
17623664
17624957
17625065
17632058
17641029
17646646
17652160
17652306
17652309
17656363
17662946
17675297
17698633
17699773
17712310
17726518
17728323
17803194
17803937
17803942
17804822
1783204
17873857
17875933
17878161
17878374
17890055
17891149
17893241
17900240
17900700
17901369
17904548
17906079
17908236
17919183
17923684
17928598
17938174
17956313
17968485
17969444
17973576
17974916
17977839
17980149
17981954
17985932
17989281
17990881
17991896
17993263
17995453
17996943
17997719
18006661
18006696
18006707
18022816
18025083
18031232
18033240
18037887
18039662
18039849
18043707
18043734
18046453
18052078
18056464
18057259
18059411
18066058
18066079
18070880
18070982
18077452
18079694
18082565
18082604
18094723
18097444
18127230
18158288
18162464
18165232
18166152
18166170
18166647
18167358
18173375
18174896
18178619
18180283
18184806
18184961
18187424
18200010
18212043
18215623
18218981
18222703
18227151
18230761
18233961
18237417
18243100
18253061
18256540
18256600
18256688
1828071
1828290
18283539
18285462
18287095
18287102
18288277
18292238
18292509
1829461
18295589
18295596
18296446
18297073
18305167
18305481
18307765
18311135
18316376
18319250
18326031
18326500
18328708
1833064
1833065
18337450
18337469
18339629
18346985
18347015
18347055
18358808
18367721
18373495
18374420
18374639
18374649
18381441
18385516
18396350
1840504
18406720
1840701
18411254
18412956
18420269
18423202
18425540
18434317
18434598
18434644
18436335
18438411
18439422
18439900
18443287
18447580
18447585
18452557
18455985
1845984
1846040
18461144
1846368
1847994
18481987
1848554
18487197
1849459
18494801
1850549
18508557
18508764
18509083
1851160
1851174
18515384
18519587
18523010
18524595
18535008
18552176
18555990
18559965
1856230
18568018
18573886
18577758
18583345
18588518
18589439
18591409
18591661
18596693
18596924
18607724
18614053
18617632
18624290
18625844
18628966
18629938
18650437
18653779
18654640
18657508
18657639
18660822
18664456
186667
18678864
18682402
18691974
18692472
18697750
18700817
18710948
18721752
18724939
1874735
18757403
18759926
18761323
18768470
18772890
18775504
18793328
18794297
18818105
18818202
18820679
18824583
18824585
18829464
18840094
18843204
1891716
18931676
18931679
18936096
18940607
18941233
18951876
18954143
18974281
18977199
18978028
18995841
19000840
19001277
19005213
19013499
19017631
19022706
1902553
19041766
19043829
19047365
1905813
19060897
19061636
19063940
19073728
19075007
19079358
19103595
19110015
19114992
19119025
19125153
19130553
19135894
19136963
19139090
19146767
19147536
19151708
1915858
19179534
19187780
19193720
19193869
19198587
19208626
19212140
19217372
1922095
19224897
19224918
19239894
19242489
19244110
19249086
19252894
19264966
19270716
19278658
19278660
19280057
19289416
19293402
1930128
19307177
19324876
19324877
19359157
19361863
19369211
19372136
19375301
19381019
19383768
1939271
1939645
19398495
19398759
19409513
19410544
19410545
19411071
19417104
19426129
19433799
19443634
1944575
19451267
19452197
19453276
19454487
19470757
19478851
19479062
19484123
19489725
19498957
19503078
19513348
19524514
19531363
19538957
19556969
19558367
1956401
19564404
19567869
19575639
19587354
19590578
19592493
19592497
19592646
19628676
19628875
19651986
19652666
19656901
19661164
19666475
19668221
19675569
19690147
19696148
19701457
19726682
19727074
19729507
1973074
1974050
19749790
19767391
19776740
1978675
19800993
19805222
19809159
19851281
19851334
1985200
19855393
19858347
19859570
19859661
19861722
19881509
19893624
19898473
19903815
19909264
19909372
19914168
19917253
19926846
19927328
19933325
19935683
19940261
19946327
19965672
1998667
20007474
20023408
20047764
2005102
20053995
20061380
20062530
20080577
20080590
20083603
20093094
20094046
20101236
2010539
2010551
20106510
2011584
20129061
20133869
20138239
2014052
20156974
20160094
20162361
20179196
20184375
2019570
20219937
2022652
20226962
20230836
20233749
20303873
20304918
20304997
20308068
20308324
20380117
2038058
20385878
20403326
2040636
20412773
20418862
20434986
20439987
20440266
20449947
20450493
20470363
20479275
20483750
20484116
20485341
20522547
20530532
20547883
20554947
20560209
20560210
20581824
20605430
20634189
2065657
20691628
20694664
20701589
20709759
2078213
20807650
20817927
20837646
20850437
20855885
20865034
20865800
20868367
20873749
20889553
20930030
20937827
20937913
20966070
21029861
21041929
21050182
21095583
21097675
2110473
21111234
21116285
21129727
21129728
21160078
21164013
21164014
21187284
21205866
2121367
21224387
21229555
21233212
21258369
21298097
21330321
21335549
21356369
21383881
2139180
21402738
21408196
21419344
21444715
21454505
21454655
21454690
21464368
21467029
21469132
21490058
21498570
21532621
2153914
21555462
2156852
21593211
21604257
21606490
2163759
21646718
2165567
21659545
2166055
21666749
2169257
21711248
2171144
2173708
21737329
21737330
2176865
21776984
2177866
21822214
2182768
21832154
21878504
2190094
2191297
21931591
21944046
21987589
22045334
22077971
22078883
22101253
22101327
22123964
22140443
22158869
22162134
22163034
22164301
2217207
221835
22193701
22210847
22223641
22275377
22306468
22344298
22352884
22354989
22394562
22421964
2244890
22454496
2247146
2248955
22511353
22579474
2261637
22619329
22634312
2266130
2269296
2271516
22885700
2295682
2317865
2318848
2364015
2373995
2374928
2383557
2391366
239860
2408761
2409350
2420889
2423119
2424493
2428879
2440681
2441877
2443571
2446925
2448316
2449431
2450918
2462607
2466336
2472219
2476804
2479552
2479986
2481448
2491852
2496749
2502206
2503541
2505252
2521625
2526655
2534964
2538457
2539592
2541505
2543678
2544876
2551898
2553705
2555171
2557753
2558510
2558651
2578463
2579948
2608057
2649896
2667896
2668278
2681215
2708524
2722848
2738071
2742826
2748346
2764880
2788034
2788443
279011
2805069
2809592
2825022
2825030
2826231
28321
2832397
2833496
2834384
2839228
2846041
2846352
2848815
2866798
2890159
2935528
293688
293746
2956252
2961257
2962641
2969892
2970528
2970963
2971395
2985435
2986535
2991279
3001934
3011081
3011795
3013881
301546
3015966
3017409
3017438
3019338
3023326
3032450
3052276
3052293
3058116
3061785
3082357
3086311
3090045
3098319
3127824
3130248
3134048
3134349
3136125
3141418
3155520
3173483
3202875
3260265
3275472
3349036
3356695
3366244
3421908
3484703
3521732
3524673
3527261
3537192
3616618
3629244
3675579
3756141
3770210
3780718
3848661
3856870
3872140
3886654
3905801
3942763
4054110
4065330
4178758
4216367
4273827
4289389
429297
4320836
4322712
4330891
4345202
4360430
450099
4514311
4517936
4647257
468991
4703226
4975618
500690
5057882
527942
5461220
5656372
588558
592398
592399
6019133
6083454
6087160
6088074
6090951
6096719
6141558
6148938
6177822
6192430
6203908
6206566
6214588
6219696
6222381
6238120
6263256
6269175
6270633
6274691
6281660
6296685
6309857
6330098
6334079
6373251
641056
6438527
6448849
6454142
6501302
6568109
6589611
6604055
6605851
6609312
6619141
6693436
6707020
670886
6745415
6774759
6807977
6809411
681330
6853548
6901506
6906228
6912277
6950381
6980899
702059
7057924
70787
710450
7151173
7199524
7391081
7391570
7478529
7478576
7478592
7481823
7489707
7491500
7493944
7493978
7499411
7499431
7506952
7509796
7510065
7510216
7511167
7513017
7514165
7517401
7518560
7519608
7520444
7523381
7523391
7524088
7525263
7525578
7525634
7525824
7526154
7526158
7527043
7527330
7528218
7530336
7531291
7534784
7535765
7535770
7535773
7536190
7536744
7537377
7537740
7538118
7538176
7538844
7539802
7539918
7541045
7541634
7542249
7543116
7543319
7552725
7556068
7557095
7559393
7559467
7559478
7559490
7559507
7565724
7565730
7568001
7588063
7588299
7588633
7588781
7589426
7589461
7590751
7592729
7592910
7592911
7592958
7592972
7595566
7600304
7601352
7601448
7602097
7615558
7617032
7622448
7624359
7626807
7629134
7637810
7641683
7642634
7642652
7644468
7647778
7650016
7651724
7657591
7657660
7667286
7668255
7669817
7673114
7673224
7678220
7679328
7680037
7680413
7681062
7683646
7684496
7685273
7687060
7687306
7687428
7687539
7689487
7690989
7691587
7691807
7691811
7692233
7692441
7693660
7700244
7713898
7719344
7730360
7737117
7737275
7737999
7739560
7744773
7745678
7746327
7756647
7758105
7768901
7769006
7773297
7775438
7780967
7781591
7790358
7791754
7796299
7797074
7797535
7799941
7801123
7803399
7806500
7806582
7811320
7811704
7816143
7824266
7826345
7834748
7836360
7847371
7851394
7851893
7853496
7859737
7871433
7874169
7875320
7876218
7876241
7876259
7878053
7890645
7896811
7902709
7905839
7929028
7929212
7929452
7935391
7935795
7935836
7937899
7954831
7958838
7958856
7970720
7972015
7973658
7979252
7981201
7989336
7990965
7997267
8001118
8001816
8007942
8015379
8015608
8021500
8022485
8026468
8033208
8033412
8033815
8033892
8034572
8036006
8039601
8044845
8046351
8047140
8048929
8063797
8071310
8073283
8076606
8078588
8082781
809512
8101647
8104944
8106369
8119945
8119955
8128231
8131753
8132675
8132774
8134367
8137944
8138058
8140422
814163
8144028
8144677
8145819
8148318
8156590
8156598
8156998
8163536
8175689
8175750
8183939
8185599
8188646
8194591
8195709
8196624
8196654
8197134
8201839
8202154
8205545
8208289
8208612
8232552
8242743
8243272
8243676
8248172
8253074
8259215
82604
8264585
8266077
8272873
8276779
8276860
8288572
8290554
8291532
8294032
8294403
8294407
8300609
8300612
8313469
8313912
8314771
8314844
8316835
8327496
8327893
8332913
8333853
8338946
8343952
8344253
8344943
8349705
8373393
8373420
8374173
8381049
8381365
8383238
8383682
8386511
8386612
8387282
8388392
8388543
8395824
8397094
8397411
8404634
8405712
8406495
8415765
8422676
8434121
8440392
8440682
8443409
8449919
8463333
8474172
8479541
8490964
8493579
8497049
8500173
8502995
8503909
8509458
8513896
8520027
8521505
8524399
8530377
8530478
8530480
8530511
8533093
8533096
8536644
8538749
8549768
8550631
8554519
8576111
8576151
8576230
8578528
8592152
8598903
8599092
8599108
8599760
8599935
8605876
8609386
8611500
8611567
8611693
8612573
8613547
8615752
8615794
8615909
8617201
8617204
8617235
8617742
8617750
8621421
8621447
8621483
8621513
8621537
8621565
8621607
8621719
8622651
8622669
8622701
8622888
8626543
8626595
8626656
8626685
8631301
8631758
8631883
8631894
8631904
8636116
8636146
8637916
8638164
8639485
8639530
8639673
8640234
8642258
8643566
8645147
8645157
8645182
8647802
8647804
8647822
8647855
8649374
8649453
8649511
8649859
8653785
8655646
8657151
8658171
8662591
8662795
8662806
8663044
8663227
8663255
8663493
8663540
8663580
8664309
8664345
8665853
8666380
8670264
8673706
8674110
8674119
8681376
8681943
8682206
8687433
8687460
8692835
8695790
8700872
8700888
8702611
8702662
8702752
8702790
8702870
8702919
8702940
8706692
8706697
8710908
8721982
8728311
8732687
8733591
873923
874082
8741839
8754806
8755247
8755573
8755644
8760075
8769649
8770894
8774734
8777713
8779952
8780727
8781553
8782898
8786315
8794855
8798379
8798399
8798458
8798654
8798690
8798788
8799126
8804434
8810314
8810315
8810325
8816480
8817670
8824201
8837778
8838651
8838667
8841188
8845374
8846784
8849454
8849694
8878477
8883604
8890751
8893010
8894645
8896567
8900172
8906787
8906796
8909537
8910365
8910476
8910504
8918697
8920913
8922386
8929543
893417
8939989
8940074
8940081
8943031
8943354
8946678
8946909
8947036
8947046
8950973
8955171
8964575
8969170
8969861
8970730
8976194
8978692
8978814
8980223
8980228
8982657
8986718
8990121
8995358
8997178
8999548
9000051
9003010
9008162
9008167
9008168
9024663
9024665
9028946
9030599
9030721
9032261
9032295
9038210
9038339
9045650
9045692
9049306
9052782
9054364
9054388
9058373
9062191
9064337
9065415
9065479
9065481
9069260
9069290
9075930
9079653
9081985
9087410
9092824
9094314
9094670
9099679
9099687
9099992
9106657
9108392
9108473
9108481
9109432
9111318
9113980
9115214
9115221
9121453
9121587
9122164
9132164
9135143
9135156
9136927
9139660
9144196
9148941
9150144
9152406
9162089
9162092
9164944
9166405
9166430
9168115
9169459
9171241
9182757
9184217
9187150
9188442
9188485
9188609
9190208
9191022
9194563
9195882
9199292
9199344
9200440
9202021
9207005
9207062
9207067
9207795
9207799
9211901
9214649
9215638
9224703
9226169
9227644
9228007
9230307
9230442
9233797
9242679
9242699
9244301
9244302
9251239
9252186
9252332
9256425
9256427
9259313
9259561
9261109
9265649
9267021
9275162
9278512
9279753
9280292
9285712
9285814
9288972
9295285
9295288
9299490
9308960
9311827
9311912
9311981
9311995
9312039
9315665
9315679
9323209
9325253
9325343
9326583
9331217
9334164
9334213
9335507
9341187
9345306
9346290
9346895
9346953
9346962
9346966
9349715
9351809
9351824
9353262
9355737
9356449
9356464
9356492
9360995
9371760
9371782
9381178
9390557
9390561
9394011
9395502
9395517
9396761
9396765
9405152
9405293
9405375
9405439
9409616
9414276
9417100
9417641
9418854
9419371
9422744
9425086
9427390
9427705
9430229
9430729
9431985
9435216
9435229
9436978
9436979
9438390
9438848
9443892
9445477
9446650
9450758
9458785
9459292
9459443
9461599
9462510
9463333
9463386
9463416
9468499
9478990
9480847
9481670
9482921
9484840
9488713
9488729
9490415
9491887
9491897
9497313
9497324
9499113
9502772
950465
9506952
9506957
9512511
9512541
9516479
9521323
9525617
9525940
9528781
9530155
9535912
9541017
9544801
9544989
9545226
9545236
9545296
9546217
9546424
9547293
9548923
9553137
9556621
9560306
9565552
9566877
9566918
9570564
9573233
9575168
9576906
9576949
9578462
9580552
9582279
9582318
9582382
9590251
9590294
9597550
9601098
9604010
9605141
9605766
9606180
9607765
9609114
9614177
9614184
9616112
9618465
9618518
9620797
9620803
9624143
9625352
9625766
9631292
9632396
9632662
9632781
9632793
9632797
9634703
9635433
9637681
9637683
9641677
9645947
9649503
9651214
9651336
9651365
9651582
9653119
9653148
9655483
9659902
9660172
9660748
9660782
9660935
9660940
9665271
9670020
9670027
9677297
9679058
9685210
9685625
9687510
9687533
9689078
9690470
9691087
9693095
9694793
9694876
9697839
9699462
9700203
9700512
9701566
9702198
9705962
9709957
9712716
9712840
9712842
9721089
9721103
9721247
9721721
9722565
9722576
9724657
9724731
9725916
9727000
9727485
9732867
9733514
9733515
9733749
9733769
9736715
9739761
9744859
9748295
9753325
9753452
9756892
9763524
9764820
9765232
9768359
9768361
9770464
9774278
9774457
978134
9783260
9786869
9786878
9786951
9790902
9792798
9793760
9794795
9796814
9799234
9804798
9804856
9808756
9812896
9819428
9821970
9822602
9822663
9822671
9826654
9826763
9829964
9829992
9830044
9832121
9832424
9837724
9837910
9837918
9840812
9843217
9846482
9850860
9851594
9852124
9856810
9856985
9857012
9857026
9857065
9857202
9858236
9858528
9858595
9859996
9860958
9865521
9865696
9872323
9883891
9885561
9886085
9888880
9890893
9891042
9891082
9892021
9892646
9895304
9914469
9914500
9915784
9915799
9915862
9920938
9922210
9922454
9924018
9927674
9930654
9934696
9950216
9950430
9973322
9973466
9986787
9988682
9988767
9988769
9990065
9990852
