
0689791
10024094
10024454
10024872
10025684
10026282
10027088
10027835
10027842
10027850
10028377
10028924
10029312
10037146
10037500
10047461
10048009
10049744
10051426
10052979
10063489
10064829
10064839
10065930
10066903
10067800
10068418
10068594
10069682
10070317
10070614
10071758
10073743
10075051
10075381
10075731
10075867
10076535
10076568
10077001
10078990
10080233
10080340
10082498
10082805
10084415
10084601
10085232
10087042
10088139
10088160
10089284
10089512
10089819
10090000
10090784
10091649
10091674
10092828
10094428
10095983
10097144
10097178
10100700
10101238
10102370
10103097
10188639
10188761
10188785
10188968
10190578
10192655
10193663
10193665
10193776
10194547
10195585
10196703
10197775
10198642
10199854
10199939
10200007
10200235
10200266
10200320
10201371
10202212
10203104
10203136
10205231
10206175
10206649
10207608
10208491
10208549
10208755
10209232
10210771
10210906
10212017
10212269
10212417
10212997
10214744
10214942
10215667
10215901
10218558
10220119
10220509
10220944
10221756
10222233
10222441
10223931
10224140
10225363
10226408
10226872
10227113
10229494
10229502
10230713
10231134
10233370
1026294
10319982
10320326
10322101
10328230
10328880
10328995
10329787
10331108
10334869
10334992
10338381
10338682
10340919
10344632
10348255
10351938
10353334
10353435
10353669
10354277
10354345
10355012
10357816
10358065
10360871
10361047
10362188
10363282
10365684
10366222
10366506
10366604
10367177
10368299
10368402
10370904
10372226
10372826
10373224
10373451
10374120
10374627
10374898
10375753
10375846
10376571
10376921
10377029
10378121
10378469
10379623
10381000
10381057
10381508
10381785
10381787
10381812
10383131
10386066
10386791
10386831
10388095
10388743
10391221
10391222
10391223
10393471
10393680
10394541
10395731
10398211
10400410
10401556
10403368
10403429
10403500
10403519
10403604
10403635
10405518
10406837
10407171
10410185
10411577
10411647
10412832
10413036
10413067
10414438
10415926
10418340
10418836
10418858
10418979
10419545
10420171
10421444
10421446
10422661
10422790
10423168
10424850
10428422
10428901
10428935
10429744
10430100
10432475
10432496
10433496
10433694
10433700
10434156
10435395
10435400
10437710
10439322
10439935
10440125
10443304
10443547
10444166
10444235
10444479
10444662
10446160
10446316
10446734
10446735
10446738
10446934
10447880
10449190
10449625
10450786
10451375
10451911
10452868
10453743
10454495
10454501
10455193
10455274
10455281
10455282
10456457
10458598
10458725
10459139
10459292
10460642
10460702
10462128
10463324
10463819
10464780
10465690
10466911
10467920
10469489
10471277
10473591
10475242
10477535
10478514
10480573
10481510
10482760
10482907
10484067
10485477
10485483
10487207
10487417
10487533
10489446
10490901
10490909
10492501
10493107
10493852
10494028
10494453
10494488
10494892
10494996
10496350
10497897
10498586
10499608
10499904
10499905
10500149
105006
10500768
10500836
10502685
10503165
10503726
10503933
10505536
10506165
10507743
10509658
10510456
10511123
10511459
10512062
10512149
10513568
10513575
10513577
10515302
10515900
10516112
10516878
10516958
10517265
10518442
10518593
10518812
10519994
10520035
10522750
10523712
10523799
10525060
10525174
10529188
10529655
10530689
10530931
10531405
10533697
10534607
10541376
10541475
10543618
10543743
10545129
10546982
10548268
10548525
10551440
10553165
10553409
10555149
10555907
10556228
10558889
10561120
10561751
10562565
10562961
10563228
10564763
10564841
10566562
10567199
10567200
10567223
10567921
10567922
10567956
10568796
10569766
105727
10573085
10574970
10575045
10575283
10576292
10577279
10577608
10578524
10579749
10580379
10580458
10581306
10581996
10582735
10583449
10585460
10587286
10591164
10592235
10593174
10593655
10593659
10593896
10593931
10594316
10594321
10594327
10596692
10597865
10597866
10598217
10598555
10598601
1060033
10601100
10601294
10604939
10606440
10606746
10607689
10607865
10608016
10608050
10608831
10611634
10613618
10614682
10614691
10616041
10617609
10617681
10617684
10619176
10619838
10620343
10621934
10624553
10625393
10625440
10626749
10626810
10626836
10628369
10628381
10630266
10631382
10631997
10637238
10637819
10639181
10640321
10641971
10641988
10643177
10643998
10644549
10648343
10648407
10648527
10648647
10649985
10651143
10651393
10651997
10653443
10653606
10654840
10656824
10657949
10658574
10658902
10659603
10661908
10662748
10664583
10665514
10665814
10666203
10666308
10667230
10669565
10669805
10669951
10670413
10673128
10673422
10673876
10677551
10681344
10681601
10682471
10682715
10683198
10683249
10684601
10685600
10685788
10685879
10687850
10688973
10690289
10690351
10690753
10691026
10692398
10693877
10694244
10694929
10697523
10697524
10698696
10699595
10701840
10702385
10707565
10708100
10709635
10712236
10712246
10712445
10713582
10713865
10715145
10715164
10716640
10721819
10722
10726310
10727523
10727715
10729371
10730683
10731046
10731446
10734053
10735801
10740137
10741458
10742172
10742288
10742922
10744652
10749853
10749876
10751439
10752671
10753628
10754148
10754457
10754636
10755406
10758053
10759403
10762042
10762339
10762666
10764590
10765977
10766749
10766758
10768100
10768298
10770198
10771044
10772044
10773010
10773011
10773014
10773193
10776833
10779596
10779697
10781449
10781559
10783066
10787442
10792999
10793196
10793320
10794813
10796070
10796631
10799317
10799481
10799645
10799649
10799660
10800083
10801325
10802314
10804983
10805052
10806733
10812836
10814540
10814558
10815932
10817704
10820142
10821438
10821672
10821861
10822066
10822172
10822210
10822464
10823899
10824628
10824635
10825891
10826401
10826417
10828060
10828316
10829266
10831180
10831596
10832075
10836199
10837469
10839333
10839989
10841524
10844127
10847421
10848662
10848666
10850857
10850957
10851239
10851498
10851527
10852638
10854833
10856379
10856732
10858873
10859452
10860024
10864400
10864881
10866053
10869387
10869589
10870519
10871190
10871202
10871402
10872454
10873710
10874136
10877119
10878294
10878295
10879806
10879826
10881033
10882160
10882387
10882672
10882840
10883409
10884561
10887187
10887639
10888929
10890256
10891536
10893069
10894798
10895904
10896664
10898598
10898684
10899284
10901669
10903390
10903648
1090530
10905636
10906994
10906995
10907719
10908292
10909982
10911931
10912644
10913016
10913255
10913381
10914698
10917554
10917903
10919405
10919672
10920282
10921913
10922459
10924132
10924272
10924666
1092541
10929089
10929704
10931813
10932303
10932681
10933803
10933891
10934669
10935465
10938536
10938981
10939639
10942240
10942848
10942852
10942856
10942908
10944230
10944418
10945985
10947967
10949586
10949919
10950107
10950934
10950949
10951268
10951365
10952689
10953053
10953551
10954021
10954127
1095502
10955779
10955836
10958085
10959704
10960092
10961373
10961375
10961955
10962148
10965910
10966747
10968199
10969308
10971048
10971049
10973326
10973730
10974319
10977131
10978155
10978228
10980236
10980325
10980326
10981253
10987842
10988273
10991846
10991851
10991912
10991983
10991984
10991997
10995012
10995244
10995826
10998057
10998082
10998224
10999950
11000053
11003159
11004693
11004734
11006272
11006278
11006350
11006484
11006709
11007934
11009046
11009561
11012177
11014183
11014932
11015308
11016653
11018525
11018726
11019961
11024226
11025174
11026622
11027924
11030016
11031122
11034389
11034583
11037109
11040105
11040338
11041225
11041537
11044537
11046078
11046101
11049861
11050088
11050304
11052666
11053058
11053214
11054378
11054601
11055889
11056242
11057870
11058796
11060293
11060667
11060732
11060745
11060833
11061029
11061213
11061585
11061982
11061985
11063897
11064188
11067741
11069027
11069595
11069618
11072090
11073937
11075290
11076818
11078030
11078056
11078468
11078469
11080203
11085948
11086155
11087364
11089538
11090546
11091737
11092898
11093786
11094008
11094641
11098106
11098307
11101200
11101668
11102491
11103883
11103886
11104741
11106255
11108513
11108662
11113122
11113312
11117381
11118042
11120594
11121413
11124384
11129124
11131159
11131599
11131958
11132243
11132624
11134
11134654
11136637
11139819
11141093
11142771
11146120
11149756
11150608
11150722
11151876
11152011
11152984
11153163
11155778
11156579
11156594
11157886
11159707
11159893
11160413
11160515
11160603
11160858
11161433
11161786
11162924
11163592
11163771
11164065
11164846
11166283
11166521
11166732
11168494
11168717
11169015
1116996
11171191
11172467
11173863
11178337
11179439
11180191
11180498
11180982
11181161
11181577
1119107
11193006
11193379
11196553
11198050
11203183
11204352
11206715
11207202
11207504
11212269
11212866
11215397
11216879
11218067
11221812
11222668
11224054
11224194
11224195
11224713
11225790
11226127
11226402
11228757
11230757
11236773
11237340
11238112
11240090
11241400
11243491
11245456
11245463
11246504
11246672
11247671
11248372
11249515
11249747
11250877
11251905
11252887
11255078
11255924
11256847
11256987
1125818
11258648
11258887
11259539
11259619
11259926
11264449
11264758
11270983
11271412
11272406
11274992
11275413
11275997
11277529
11277534
11278838
11278845
11278930
11279193
11279212
11279785
11279945
11281822
11282646
11285265
11287128
11290327
11291777
11292635
11295178
11296551
11299302
11299311
11299519
11300648
11300876
11301045
11302195
11302411
11302941
11304653
11304699
11304750
11304754
11305075
11306066
11306472
11306694
11306720
11307783
11309248
11309392
11309480
11311067
11311890
11313163
11313435
11315375
11316248
11318430
11318637
11319222
11319232
11319571
11320079
11320369
11323021
11324464
11324679
11325388
11325413
11325810
11325930
11327511
11327694
11329095
11330337
11330342
11330835
11331079
11331292
11332155
11338376
11340119
11341486
11342206
11342438
11342449
11342537
11343808
11344206
11349389
11350858
11351021
11352938
11352979
11353613
11356924
11357996
11358819
11368283
11369259
11374034
11377395
11377878
11378004
11378159
11378618
11383749
11386852
11389890
11391066
11392054
11392377
11393267
11395483
11395517
11396919
11398912
11398914
11401111
11401695
11403767
11403930
11403963
11403977
11404235
11405252
11405284
11406192
11408092
11408526
11408535
11408594
11409178
11410481
11410692
11412837
11413269
11413297
114173
11418316
11420091
11421254
11422732
11422746
11426832
11426839
11426849
11430635
11431346
11432892
11435507
11436517
1143714
11440283
11441022
11443057
11443263
11443926
11444429
11444497
11444621
11447307
11447759
11448221
11448474
11448925
11451212
11454253
11454254
11455015
11455568
11456284
11457468
11459929
11463765
11465552
11467439
11470741
11472242
11472321
11473732
11474216
11474486
11476469
11477109
11479381
11481271
11481605
11482743
11484080
11486244
11487512
11488596
11488610
11489456
11495349
11496828
11500505
11500849
11501230
11502876
11504570
11504801
11508701
11509182
11509214
11509829
11511086
11511858
11513817
11513839
11515751
11516429
11518758
11519864
11519881
11520216
11521119
11522647
11524006
11524243
11524555
11525777
11526449
11526976
11527538
11529688
11530128
11531245
11535580
11538605
11541904
11543737
11544332
11544467
11551210
11551870
11552681
11553608
11558835
11559709
11560868
11561066
11561080
11561087
11561100
11562405
11562442
11562773
11563332
11565896
11566608
11569611
11570967
11572462
11574406
11574539
11575008
11578145
11579438
11581235
11585753
11586072
11587223
11588175
11588534
11591369
11591436
11594437
11594443
11596649
11600369
11602631
11602820
11604219
11605081
11605100
11606316
11607047
11640974
11641441
11641558
11642004
11642045
11668761
11669456
11669467
11673690
11673765
11673972
11675405
11677599
11678581
11682453
11683476
11683631
11684093
1168577
11687608
11688549
11688997
11689132
11689434
11691571
11691635
11692072
11692087
11693467
11695253
11695255
11695891
11697552
11698062
11698075
11698253
11698379
11700150
11700387
11702089
11702369
11703020
11704565
11704657
11707860
1170911
11709201
11711348
11714212
11714710
11714900
11716434
11716850
11718372
11719704
11720080
11720783
11723241
11723247
11726713
11728166
11728190
11728255
11728431
11728565
11729362
11730351
11730729
11730731
11732752
11735107
11735616
11736858
11736999
11737206
11738481
11739243
11740746
11740958
11741285
11741727
11741815
11742712
11742852
11744750
11746710
11747436
11747625
11747628
11750253
11752090
11752096
11752127
11752352
11752472
11754739
11755134
11755227
11755246
11755894
11756522
11758903
11763166
11763467
11772005
11772135
11772142
11772242
11772274
11772327
11774707
11775064
11779865
11781309
11783365
11784136
11784784
11785774
11786493
11790786
11791081
11792366
11792932
11796351
11796355
11796384
11798291
11799102
11804648
11804849
11805217
11807012
11808879
11810032
11810299
11811354
11812692
11814865
11814868
11815381
11817517
11817979
11819669
11823003
11823786
11833835
11834243
11834617
11834888
11835984
11836027
11839626
11840795
11841783
11842444
11846620
11848474
11849873
11850093
11850443
11854270
11854273
11854433
11854630
11854934
11856082
11858481
11860175
11861317
11861404
11861516
11861820
11862378
11863375
11864636
11864782
11867597
11869661
11869873
11872149
11873706
11873938
11874390
11875741
11876686
11877399
11879282
11879381
11882592
11885959
11886751
11888303
11888344
11888555
11888565
11889204
11890515
11891806
11893059
11893230
11894013
11895437
11897116
11897159
11899840
11900777
11900797
11906048
11906285
11906441
11906825
11907645
11910268
11911838
11915520
11916141
11916544
11916794
11919526
11920914
11922402
11923794
11927133
11929319
11929321
11929334
11931344
11931851
11933204
11936838
11938943
11939681
11939713
11939906
11939921
11939936
11943741
11944917
11948006
11948179
11948191
11948877
11950995
11952155
1195474
11955068
11955628
11956172
11959556
11960452
11961111
11961144
11961592
11964483
11969359
11970990
11971019
11972287
11972613
11978145
11979347
11979731
11979876
11980387
11980628
11980912
11983074
11984069
11985583
11986668
11991686
11992644
11993717
11994534
11997094
11999132
12000992
12003347
12003373
12004248
12004250
12007529
12007600
12008069
12008749
12010185
12010562
12010764
12010765
12010769
12011120
12011122
12015197
12016548
12021103
12021787
12023318
12023506
12023686
12023793
12023972
12028320
12028322
12030642
12031979
12032025
12033454
12034032
12034365
1203620
12038982
12041787
12043833
12044041
12046682
12046981
12047490
12051854
12052898
12054772
12055328
12055598
12056888
12057823
12057839
12057986
12060657
12060674
12062545
12063084
12063169
12063741
12065078
12065188
12065695
12065721
12067008
12067475
12067524
12068077
12069105
12069605
12069963
12070133
12070353
12073167
12074215
12075113
12076183
12076307
12076520
1207670
12076859
12079382
12080428
12080538
12081315
12082550
12083499
12083991
12086292
12086402
12086935
12086984
12090787
12093311
12093318
12097143
12097269
12097643
12098579
12098582
12098614
12099434
12100530
12101005
12101112
12102294
12104042
12105857
12106771
12106802
12107069
12107644
12110114
12110154
12110374
12110513
12110610
12111824
12112047
12113124
12113237
12113647
12113820
12115473
12117866
12119030
12122323
12123767
12126787
12126930
12127012
12127907
12127910
12130730
12135320
12135765
12135876
12136131
12137632
12137927
12141946
12142814
12145052
12145099
12147198
12147264
12147502
12149257
12150698
12151556
12163106
12163120
12163349
12163655
12164478
12165285
12167383
12167474
12167567
12167662
12170055
12171561
12172398
12172803
12173932
12175785
12176129
12177686
12177810
12180353
12181285
12181427
12181453
12181752
12183060
12183262
12183470
12183670
12183683
12183691
12184062
12184468
12185001
12185406
12188035
12191993
12194938
12196163
12196472
12198239
12199263
12200198
12202757
12202948
12204108
12204580
12204699
12208114
12208313
12208873
12209010
12209583
12210068
12211096
12211491
12213053
12213055
12213059
12213119
12213829
12214063
12214266
12214555
12217700
12217863
12221207
12221524
12222762
12225755
12225961
12226216
12226513
12227806
12231007
12231070
12232544
12233819
12237224
12243766
12244038
12244074
12244568
12269827
12269833
12269863
12270758
12296618
12297509
12351651
12353077
12354080
12354567
123547
12355453
12356834
12357167
12358053
12359624
12359676
12360110
12360591
12361952
12366848
12369088
12369143
12372041
12372565
12373423
12373557
12375053
12379147
12381651
12383016
12383039
12383040
12383475
12384251
12384345
12385775
12386148
12387707
12388338
12388412
12388476
12388649
12388667
12388748
12391048
12391287
12392782
12392939
12393522
12393876
12396248
12397367
12398570
12398910
12399499
12401318
12401609
12401623
12402511
12404239
12404558
12404702
12405293
12405690
12406221
12407077
12408750
12409268
12409963
12411515
12414107
12414329
12414874
12416030
12416991
12417543
12419094
124205
12421359
12421478
12426127
12426219
12426403
12426786
12428391
12433810
12434581
12435410
12435681
12435804
12435815
12437383
12438517
12440368
12440699
12441383
12441759
12445488
12445581
12445705
12446178
12446609
12453049
12453616
12453856
12456942
12459190
124600
12460107
12460114
12460705
12461003
12463278
12463455
12464354
12464448
12464674
12470615
12470863
12472888
12473806
12475743
12475777
12475910
12475986
12476402
12477282
12477372
12477380
12477710
12479250
12480548
12481192
12481195
12481202
12487624
12488248
12492483
12493915
12496872
12497018
12497048
12498013
12498017
12498902
12498911
12498985
12499173
12499203
12501872
12503693
12503866
12504781
12504917
12505062
12505540
12509588
12511769
12512695
12513698
12513997
12515852
12517247
12517254
12517343
12517791
12518039
12520736
12522078
12522088
12522134
12522212
12523492
12523874
12525826
12526798
12527213
12527923
12528473
12529330
12529935
12530423
12531805
12534640
12535212
12535612
12537583
12538485
12538756
12538800
12539816
12540520
12542403
12544342
12545144
12545203
12547192
12547256
12547466
12547793
12547826
12554648
12555241
12556741
12557268
12558771
12560076
12562770
12562791
12562875
12563315
12564641
12564662
12565907
12566163
12566304
12566438
12567500
12569076
12570782
12570923
12571811
12573452
12573515
12579271
12582227
12582447
12582837
12584187
12586211
12586600
12588113
12588370
12589193
12589396
12589516
12590540
12591093
12591363
12596217
12596860
12600228
12601049
12601084
12602592
12603316
12603396
12604203
12604678
12604714
12604879
12605391
12606318
12606382
12606421
12606631
12606694
12608888
12613273
12614192
12614680
12615144
12615691
12615801
12615913
12617904
12618228
12618591
12620146
12623020
12623106
12625031
12625845
12627959
12629173
12630335
12631701
12632922
12635840
12636181
12637567
12640215
12641496
12641839
12642587
12642846
12644265
12644499
12644588
12645305
12646212
12646997
12647451
12649191
12650833
12650887
12652111
12654248
12654749
12657847
12657848
12657913
12658774
12660248
12661761
12662154
12664192
12665392
12666006
12666133
12667063
1266718
12667224
12667677
12668276
12668769
12670661
12670699
12670724
12670965
12671072
12671581
12671891
12672245
12672796
12672797
1267542
12676070
12677170
12678838
12679135
12679322
12679340
12679420
12680902
12681372
12681956
12684219
12686103
12686111
12686158
12686391
12686543
12686640
12689521
12689676
12690106
12692940
12694198
12695316
12697024
12697717
12697835
12699240
12699699
12703060
12705061
12705401
12706338
12707394
12708517
12709047
12709344
12709915
12710529
12710892
12711178
12711844
12712828
12713517
12713571
12713596
12714494
12716775
12717096
12719755
12719776
12719778
12719960
12720152
12720300
12721093
12721776
12721865
12724156
12724731
12726817
12726885
12727196
12730231
12735630
12736332
12738668
12740851
12741835
12742084
12742462
12742526
12745435
12745988
12746257
12748309
12749277
12749745
12749773
12750168
12751792
12753422
12754408
12754495
12755690
12757963
12760377
12761285
12761331
12762831
12763097
12763661
12764427
12766389
127690
12769127
12769622
12770936
12770942
1277199
12772080
12773150
12773767
12776178
12776254
12776257
1278093
12781354
12782147
12782193
12783542
12784346
12784866
12785198
12787697
12787835
12788342
12791689
1279186
1279377
12795239
12795770
12795776
12798391
12799358
12799988
1280065
12801315
12801316
12801482
12803546
12803929
1280529
1280737
12808485
12808710
12810547
1281221
12814826
12815039
12815153
12815157
12815333
12817089
12817472
12818259
12818701
12818951
12820772
12821478
12823389
12824001
12824018
12824165
12824448
12824918
12826021
12826150
12826271
12826528
12826849
12827214
12828573
12829626
12830709
1283184
12832840
12833164
12834305
12835539
12837382
12837768
12839875
12840797
12841945
12842269
12842332
1284246
12844134
12845972
12847559
12850267
12850557
12850901
12852453
12852483
12852704
12855624
12855673
12860127
12860569
12861354
12861482
12861512
12862507
12864906
12865871
12870885
12871140
12871155
12871285
1287164
12872009
12873632
12873745
12873999
12874210
12874252
12874385
12875846
12876237
12876551
12881227
12882707
12882764
12882971
12885750
12885787
12887410
12887610
12887764
12888122
12890054
12890675
12890681
12890708
12890998
12891884
12892027
12893898
12897089
12897749
12897821
12898700
12899647
12901032
12902326
12902992
12904272
12904467
12904537
12907245
12907443
12909189
12909198
12909199
12911317
12912985
12920235
12920401
12923612
12925531
12927226
12927775
12928313
12928738
12930836
12932896
12935323
12937168
12937174
12942109
12943486
12944913
12948741
12948823
12948933
12949177
12950415
12951104
12952271
12954362
12954796
12955149
12955294
12955882
12955907
12956733
12956944
12957216
12958067
12959326
12960015
12963042
12963495
12963636
12966366
1296670
12967590
12967628
12967722
12969258
12970106
12970169
12970383
12972146
12972418
12973385
12974388
12974624
12974870
12975489
12975736
1303772
1303773
1309873
1311390
1312851
13129395
13129570
13129658
131389
1314592
1314830
13152105
1315825
1316589
1318989
1320313
1320691
1322047
1322429
1322791
132355
1323650
1323952
1324091
1324557
1326878
1327384
1328224
1328609
1329582
1329768
1330549
1331331
1332478
1332684
1334399
1334447
1335254
1335944
1336744
1336906
1337082
13438725
1344580
1346768
134717
1349493
1350385
13505370
1350745
1351412
1352051
1352660
1353628
1354084
13560210
1356589
1356794
1357064
1357724
1358088
1358746
1358833
1358918
1359745
1359777
1360991
1361012
1361547
1361946
13621053
1362160
1363322
136410
13651575
1365657
13679187
13679574
1370924
1371217
13713641
1373179
1375507
1376313
1378042
1378833
1379707
13801371
1382157
1382161
1386491
13873645
1391956
1394620
1397053
1397064
1400062
14035428
1403790
1407010
1411635
1416865
14189899
1422285
14227143
14240634
1424804
1426023
14285227
1434122
1435788
1438284
1438304
1446749
14498756
14499707
14500570
14501155
14502105
14503934
14504136
14505258
14505791
14506245
14506273
14506281
14506317
14507109
14507470
14508322
14508504
1450993
14510637
14511985
14513718
14514033
14515185
14515341
14516795
14517765
14520130
14522358
14522954
14523001
14523472
14527775
14529460
14530017
14530799
14530903
14532145
14534310
14534362
14534524
14535954
14550679
14552704
14555244
14557373
14561652
14561849
14563844
14564902
14565648
14566196
14567543
14567553
14568022
14568028
14568029
14570629
14571621
14573702
14574774
14575130
14575724
14575800
14576130
14579285
14579514
14581123
14583450
14583739
14585166
14585280
14586139
14586600
14587496
14588118
14592549
14592702
14594995
14596599
14596662
14596673
14596699
14598591
1460006
14600248
14600253
14602594
14604448
14605254
14607457
14608015
14608456
14609352
14610216
14610637
14612920
14613270
14613550
14614913
14615872
14616353
14617145
14617694
14618072
14619588
14619954
14622418
14626653
14628003
14629008
14629470
14632594
14633536
14633707
14635083
14635176
14638394
14638486
14638499
14640928
14642426
14642974
14643839
14644446
14644830
14645112
14646100
14646172
14646257
14647052
14647959
14651650
14653953
14654525
14656370
14656380
14657086
14657089
14657210
14658934
14659643
14659797
14660028
14660039
14660568
14660587
14660597
14660613
14661078
14662656
14662724
14663936
14664717
14666732
14668029
14668946
14670645
14672537
14672731
14672940
14674888
14675103
14675762
14676196
14678021
14679304
14680444
14680547
14680616
14680842
14684331
14684332
1468487
14686475
14687437
14687742
14687870
14688104
14688239
14688365
14689449
14692707
14693528
14693542
14698206
14698304
14700480
14700578
14700733
14704009
14704128
14704463
14708857
14709161
14709325
14709944
14711372
14716203
14716205
14716684
14718298
14718599
14719072
14720051
14720519
1472079
14722255
14723559
14724775
14725487
14725972
14726210
14726380
14726523
14728043
14728084
14728705
14728934
14729151
14730417
14733708
14734046
14737100
14739809
14740534
14741265
14741708
14742690
14744466
14744476
14744615
14746574
14746879
14747469
14748653
1475066
14750934
14751426
14751502
14752016
14752060
14753499
14753710
14753849
14754422
14755680
14756555
14757140
14757145
14757700
14757703
14759633
14760130
14761877
14764656
1476595
14766200
14766795
14767264
14769034
14769832
14769835
1483111
1486803
14871502
14871882
14871885
1493594
14960314
14962140
14965322
14965331
14967191
14967460
14967461
14967915
14968366
14971638
14971907
14973075
14976318
14978157
14980979
14982766
14982926
14984733
14987823
14990305
14991152
14992338
14993096
14993240
14993281
14993472
1499567
14996743
14997352
14998329
15001403
15001679
15002740
15004073
15005015
15005645
15007532
15007534
15009201
15009644
15011952
15013161
15013935
15016471
15017615
15018596
15021963
15022409
15023108
15023434
15023454
15023854
15025795
15026345
15026471
15026875
15028073
15028244
15028737
15030294
15032643
15032669
15033655
15035793
15037111
15037867
15039140
15040456
15041742
15043388
15044619
15044733
15045033
15046527
15046718
15048644
15049511
15050332
15051528
15052332
15056048
15056115
15056483
15056946
15058382
15059034
15059283
15059893
15060759
15061683
15063480
150666
15066664
15068862
15069081
15069170
15069780
15070163
15070923
15071347
15072849
15075397
15078100
15082027
15082029
15083746
15084585
15086241
15086536
15087625
15090517
15093539
15093694
15093822
15094323
15094841
15095008
15096229
15098086
15098224
15099582
15099990
15100703
15101786
15101793
15102095
15102535
15102873
15102890
15102940
15103227
15103612
15104113
15105129
15105221
15105445
15106733
15108178
15109613
15110780
15110853
15111016
15111247
15111248
15112051
1511344
15113605
15113825
15114505
15115391
15116286
15118520
15120421
15121098
15121485
15121646
15122758
15122882
15123288
15125690
15125867
15126366
15128272
15128458
15128471
15128769
15130088
15132128
15133083
15133856
15134221
15135665
15136379
15138278
15138589
15139777
15140279
15140630
15140914
15143768
15145177
15148258
15150256
15150696
15151902
15152097
15155210
15155761
15155769
15156014
15157745
1515867
15161930
15161985
15163201
15163595
15163798
15163842
15166525
15169637
15169831
15170064
15170677
15175324
15177307
15178355
15178373
15179449
15180525
15181382
15183338
15184188
15184278
15184978
15185063
15188362
15189034
15189743
15189772
15190109
15191400
15192023
15194650
15196993
15198222
15198480
15199473
15199474
15200343
15203120
15204055
15205346
15206110
15206509
15210574
15210974
15213359
15213841
15216466
15217834
15219283
15219414
15221424
15222581
15223360
15224175
15225307
15225729
15227539
15229223
15230627
15231724
15232725
15235087
15235154
15236580
15236843
15237094
15240345
15240758
15240882
15242723
15242819
15245423
15251194
15252033
15253881
15254985
15255284
15255290
15255812
15255990
15256478
15257633
15258186
15258254
152592
15261283
15261304
15265636
15266014
15266556
15269827
1527036
15271353
15272045
15272206
15273086
15274300
15276617
15276688
15277241
15277270
15277296
15277569
15280391
15280651
15283690
15283765
15285788
15286066
15286086
15286093
15286207
15287725
15287733
15288320
15289798
15289999
15291009
15291969
15292070
15292328
15294453
15299009
15299286
15299807
15300361
15302885
15303308
15304385
15304547
15306201
15306243
15306409
15307186
15308278
15308557
15311065
15311727
15313134
15314102
15316838
15317404
1531856
15320693
15320857
15321730
15322107
15322419
15322845
15324530
15325927
15330152
15331551
15331605
15332709
15333678
15336276
15336699
15337792
15337834
15341508
15342617
15345777
15347780
15348270
15350128
15351234
15351283
15351386
15351799
15351849
15352500
15353299
15353401
15353486
15353592
15354273
15355973
15356026
15356218
15356552
15357957
15358193
15358223
15358979
15361919
15365090
15365998
15366004
1536695
15367040
15369444
15369780
15371592
15371729
15374848
15374980
15377641
1537825
15378559
15378668
15379735
15379894
15380096
15380228
15381063
15381280
15381832
15382615
15383624
15386111
15386112
15388917
15389563
1539679
1543672
15446566
15448014
15449940
15451776
15452109
15452358
15452407
15456329
15456537
15457442
15458776
15458921
15459188
15464832
15465035
15465654
15466206
15466450
15469457
15471859
15474500
15474503
15475658
15476392
15476667
15478125
15481318
15481334
15481543
15483189
15484814
15485827
15487700
15488735
15489439
15489888
15491978
15492770
15493951
15494035
15494133
15494415
15494548
15495988
15498586
15498818
15498923
1549935
15500910
15500920
15503649
15504856
15507223
15507440
15508261
15509185
15509870
15511691
15514058
15514211
15515015
15522238
15522831
15522832
15522999
15523652
15525540
15526004
15526107
15526956
15527548
15531579
15531591
15533043
15537337
15537887
15539552
15541376
1554373
15544504
15544507
15545603
15546741
15546869
15547682
15548540
15548677
15548764
15550676
15553105
15554784
15554912
15556152
15557128
15557593
15560119
15560738
15561708
15561838
15561973
15562200
15562257
15562618
15563242
15563254
15563582
15563928
15564772
15564877
15567452
15571283
15571461
15571473
15572277
15573147
15573406
15573751
15574747
15574844
15575422
15577056
15577244
15579115
15579329
15579516
15580309
15580557
15581847
15583399
15585441
15588718
15589524
15595341
15597110
15598423
15598972
15602501
15602503
15606893
15608085
15610924
15612980
15613460
15614187
15615815
15616821
15617852
15618457
15618715
15621150
15623830
15625110
15627430
15627433
15629255
15631796
15632250
15635044
15638326
15639001
15639300
15639685
15640330
15643508
15644956
15645012
15646028
15646365
15646817
15647998
15650315
15651176
15651920
15655510
15655513
15655528
15655942
15659034
15659304
15659493
15661631
15661821
15661881
15662042
15663927
15664409
15664487
15665864
15665994
15667901
15667998
15668000
15668713
15668944
15671155
15671306
15672122
15673388
15673722
15673729
15673750
15673755
15673759
15674127
15674236
15675440
15677768
15678110
15679624
15679830
15680154
15680473
15680478
15681398
15684812
15685243
15685250
15685445
15686475
15688612
15689162
15689414
15689518
15691217
15691299
15694263
15694390
15694653
15694871
15695064
15695070
15695169
15695296
15695431
15697329
15698514
15698529
15699354
15700717
15700751
15700891
15701205
15705170
15705795
15705858
15709193
15710205
15710393
15710413
15710490
15713802
15713990
15714982
15716453
15716633
15718226
15720245
15722357
15722450
15723099
15723541
15723633
15726024
15728379
15728856
15729086
15730717
15732037
15733542
15736931
15737409
15740177
15740719
15743404
15745703
15746185
15748157
15748550
15748894
15749336
15753084
15753098
15753388
15753395
15755483
15755648
15756931
15757911
15758172
15758569
15762869
15763604
15764038
15764732
15765150
15765929
15766270
15767244
15767980
15770365
15771438
15772097
15775080
15777106
15777622
15778128
15778703
15781216
15781964
15783240
15787205
15788780
15790782
15791207
15791597
15792781
15793220
15794712
15794735
15795105
15795320
15795321
15796179
15798219
15799618
15800186
15800420
15801334
15801812
15802532
15803271
15803362
15804598
15805193
15805545
15807525
15808807
15809432
15811959
15814090
15814154
15814281
15814851
15816504
15816787
15817468
15820884
15820918
15821444
15821840
15823094
15824083
15824190
15824260
15827549
15828835
15828873
15828941
15831440
15831902
15832750
15835479
15837316
15837705
15837926
15840408
15840771
15840827
15840835
15843493
15843826
15845548
15845694
15849723
15850602
15851032
1585214
15852621
15853689
15853764
15854045
15857125
15860200
1586032
15860753
15862515
15864123
15864245
15865438
15865850
15866114
15866288
15866500
15867945
15868121
15868210
15868528
15868915
15869323
15869562
15870086
15870392
15871445
15872249
15877309
15877619
15878185
15878275
15878511
15878925
15880143
15880981
15882122
15882124
15882308
15882479
15882950
15884662
15886209
15886414
15887238
15887968
15888508
1588924
15891886
15892618
15892657
15892662
15893120
15893416
15894081
15894928
15896805
15897247
15897781
15897880
15898717
15901795
15905177
15906762
15907148
15907153
1590750
15908512
15908576
15909120
15910402
15916724
15917433
15917509
15917527
15917650
15917856
15921304
15926871
15928018
15928087
15928335
15928609
15929991
15930455
15930499
15931068
15931360
15932346
15932636
15935345
15936988
15937104
15937215
15937427
15938610
15939622
15942128
15942272
15942701
15942707
15943176
15944208
15944795
15944809
15944869
1594557
15946216
15946589
15947888
15948948
15949269
15949566
15950014
15950488
15950969
15951260
15953344
15953421
15954948
15955412
15955565
15955613
15961104
15963001
15963006
15963471
15965967
1596676
15967102
15967801
15967876
15971000
15972446
15973626
15974585
15975002
15976447
15979034
15980333
15980387
15980878
15982786
15982930
15985427
15985434
15985706
15986196
15986240
15987237
15989954
15990700
15991886
15991937
15991995
15992090
15992510
15992586
15992934
15993108
15993560
15994349
15994946
15995325
15995351
15996971
1599956
16000430
1600046
16004377
16006204
16007231
16009352
16010412
16010590
16011304
16011460
16011575
16012181
16014042
16015501
1601843
16018973
16019620
16019763
16022567
16023986
16025254
16027120
16030019
16030053
16030212
16032412
16033281
16033816
16033954
16033961
16034208
16034487
16034488
16036347
16038601
16038799
16039053
16040180
16041196
16041392
16041398
16042597
16043486
16044252
16045524
16045972
16046206
16048917
16048941
16048994
16051882
16052352
16052578
16052979
16053391
16054134
16056233
16059747
16060700
16060857
16061385
1606351
16075246
16076272
16076355
16078592
16079279
16079297
16079485
16080359
16080974
16081124
16081156
16081269
16082424
16083326
16084894
16086075
16086578
16086874
16087693
16091048
16091736
16093448
16096275
16099238
16099840
16102054
1610412
16107193
16107516
16108046
16109140
16109390
16109421
16110503
16111654
16114100
16114872
16114980
16116337
16116344
1611705
1611711
16119498
16119512
16121195
1612232
16122767
16122880
16123775
16126010
16126915
16127048
16127055
16128565
16128575
16128742
16129921
16129978
16130180
16131755
16131920
16132064
16132722
16132856
16133532
16135699
16138883
16138927
16139169
16139893
16140280
16141369
16141635
16142049
16142895
16144296
16146736
16148027
16148144
16152757
16153117
16153821
16154710
16155294
16156801
16157297
16157350
16157482
16160085
16160172
16162025
16163194
16164412
16164449
16166285
16166440
16168052
16168489
16168515
16169004
16169027
16169954
16170366
16171773
16171802
16172182
16172412
16173018
16173650
16174770
16174788
16174795
16176117
16176444
16176879
16177222
16179347
16179605
16179747
16181410
16182256
16182428
16183635
16184369
16185077
16187099
16187968
16188913
16188951
16189082
16189120
16190133
16190763
16198644
16199241
16199482
16201835
16205624
16205964
16206183
1620654
16207161
16207425
16207494
16207763
16213084
16214127
16214394
16216924
1621972
16220064
1622180
16223700
16223958
16223973
16224178
16225542
16228305
16230360
16230377
16230390
16232421
16232921
16234514
16237394
16239170
16239641
16239728
16241904
16243998
16244789
16245075
16245223
16246025
16246067
16246312
16246598
16247743
16248797
16248990
16249494
16249524
16251201
16253547
16255837
16257168
16259227
16259579
16261833
16262557
16263802
16265126
16267626
16268148
16268464
16268663
16269441
16271071
16271291
1627190
1627191
16273103
16273216
16273345
16275032
16277613
16277658
16278327
16278927
16281286
16283381
16283671
16286358
16288654
16289353
16289454
16290292
16291771
16291873
16291875
16292755
16293677
16297435
16297713
16298345
16298518
16298966
16299047
16300395
16300628
16301791
16301797
16302208
16302752
16303771
16304146
16304857
16305240
16305472
16306443
16306812
16307417
16307966
16309315
16309825
16310786
16311595
16313925
16314852
16315032
16316309
16316311
16316409
16317551
16319075
16319518
16322797
16323102
16324695
16325050
16325240
16325800
16326016
16326830
16326938
16327990
16332149
16332571
16333859
16335785
16336194
16336752
16336786
16336943
16338283
16338408
16339527
16339658
16339914
16341239
16341288
16343217
16343532
16343768
16344985
16349528
16354653
16355335
16355400
1635586
16355974
16357751
16357952
16359899
16359900
16362726
16365052
16366516
16368348
16368818
16368827
16368957
16370916
16370923
16370964
16371234
16371358
16372825
16373326
16374125
16375581
16375669
16376069
16376082
16377242
16377807
16380550
16382338
16384941
16386786
16387740
16388598
16388933
16389295
16390600
16392701
16395286
16396637
16397263
16397872
16398929
16399380
16401074
16401709
16402096
16402123
16403783
16404130
16405730
16406639
16406943
16407246
16412378
16415021
16417577
16418020
16418149
16418176
16418198
16418310
16420077
16420438
16421290
16421443
16423824
16424790
16424870
16425993
16426349
16427041
16427816
16428267
16428452
16431399
16431966
16432265
16432501
16433010
16433932
16434058
16434140
16434489
16434549
16435204
16436588
16436705
16436712
16436755
16438887
16439860
16441928
16443205
16445576
16446048
16446323
16448326
16448880
16449355
16449525
16449956
16452989
16454746
16455452
16455797
16456024
16456186
16456188
16458993
16459925
16460018
1646056
16460947
16463021
16464889
16466463
16466641
1646718
16467656
1646776
16467980
16469053
16469440
16469680
16470247
16472148
16472586
16472864
16473424
1647395
16474421
16474853
16476097
16477002
1647706
16478774
16478825
16480143
16480273
16480505
16484232
16484281
16484345
16485343
16485915
16487326
16488503
16490580
16492780
16494569
16495076
16495081
16495723
16495926
16497876
16498249
16499061
16500971
16503765
16503817
16503922
16505027
16505108
16505973
16507130
16507347
16507373
16507691
16507829
16507850
16507884
16507911
16508564
16511036
16511143
16511610
16513051
16513821
16513859
16513877
16514190
16515461
16515478
16515550
16516670
16516814
16517095
16517553
16517606
16517894
16518087
1651852
16518831
16519964
16522458
16522696
16523405
16524379
16525583
16530171
16530182
16530878
16531051
1653123
16531984
16532449
16532916
16533791
16534240
16534251
16534527
1653644
16538088
16538493
16538529
16538685
16539674
16540317
16542139
1654268
16543605
16544142
16545081
16545350
16545381
1654566
16545798
16545872
16546975
16546990
16547010
16547651
16547811
16550436
16551906
16552142
16553491
16553574
16554356
16554486
16554743
16555127
16556440
16563096
16563128
16563290
16563374
16565162
16566595
1656846
1656852
16569767
16570163
16570355
16571968
16573350
16573647
16574052
16574083
16574446
16575559
1657607
16579965
16580639
16580848
16580895
16581066
16581181
16583981
16585755
16585758
16595024
16595573
16595677
16596189
16596248
16597193
16597468
16597533
16597615
16597625
16599255
16600468
16600630
1660104
16601569
16603143
1660324
1660351
16603772
16604139
16609013
16609021
16609060
16609067
16610779
16610780
16611310
16613526
16616490
16617153
16617454
16618098
16618126
16620308
16620997
16621347
1662173
16622728
16625817
16625841
16625842
16627002
16627252
16627399
16627483
16627568
16627864
1662892
16629860
16629948
16631464
16633143
1663395
16634035
16634986
16636268
16636450
16636791
16638185
16638752
16638875
16639024
16641261
16641474
16641841
16642288
16642666
16642960
16643338
16644726
16644904
16647263
16647299
1664802
16648572
16648669
16650582
16650830
16651698
16651710
16651744
1665782
16661928
16666560
16667107
1666931
16670522
16671893
1667255
1667290
16673373
16674097
16675639
16675661
1667613
16677080
16677982
16678156
16678551
16679384
16679386
16679816
166800
16681386
16682505
16682803
16682937
16685460
16685601
16686541
16686685
16687591
16689679
16689938
16690332
16696579
16697013
16697227
16698686
16699084
16700548
16702031
16702183
16702197
16702329
16702624
16702880
16703566
16703907
16704197
16704974
16705640
16706406
16707089
16707409
16707595
16708051
16709188
1670929
16712461
16712799
16713428
16713439
16713495
16713658
16714133
16715497
16716
16716398
16717106
16718509
16719540
16719808
16719820
16720041
16720364
16720725
16720727
16720907
16721371
16721761
16722247
16722815
16723495
16723497
16723527
16723578
16724112
16729278
16729906
16730121
16730699
16733521
16735460
16735511
16740313
16740637
16741232
16741658
16741870
1674528
16749788
16749865
16750372
16751185
16751287
16751798
16753178
16753266
16754836
16756968
16757355
16757535
16760463
16760478
16761500
16763553
16763894
16763899
16763908
16765071
1676523
16765324
16766117
16766716
16766717
1676675
16767920
16769115
16772434
16773239
16773376
16773504
16774921
16775509
16777263
16777416
16778961
16781123
16781199
16781459
1678146
16782282
16782438
16782587
1678274
1678430
16784786
16787144
1678728
16787387
16788091
16788729
16789740
16790022
16790533
16790752
16792938
16793004
16793069
16797734
16797997
1680053
16801430
16801455
16803890
16805723
16806905
1680715
16807348
16807401
16807441
16808357
1680855
16808554
16809136
16809153
16809898
16809928
16813422
16814740
16814817
16815057
16815146
16815313
16815627
16815871
16816921
16817851
16817895
16818276
16818496
16818707
16819260
16819395
16821840
16822624
16823043
16824050
16824605
1682484
16825493
16828882
16829128
16829188
16829625
16831062
16831195
16831872
16834676
16835302
1683537
16835395
16835450
1683559
16837774
16839786
1684063
16840798
16840830
16841073
16842172
16842213
16843091
16843095
16843692
16845255
16845529
16846239
16846501
16846546
16846549
16847326
16847354
16849427
16849519
16849631
1685013
16851960
16854056
16854580
16854582
16855072
16855093
16855178
16855207
16855451
16857584
16857666
16857688
16857744
16857825
16857832
16858612
16859676
16860312
16860536
16860785
16861092
16861819
1686208
16864089
16864492
16864903
16865565
1686618
16866189
16866778
16867246
16868220
16869117
16869821
16870179
16871118
1687367
1687398
16874097
16874462
16875703
16876126
16876190
16876704
16876889
16877383
16877408
16878701
16879221
16879709
16879714
16880233
16880407
16880719
16880785
1688220
16883066
16884174
16884688
16885432
16886928
16887935
16889963
16890580
16890795
16891542
16891588
16891628
16892359
16892782
16893531
16894399
16895478
16895552
16895934
16895953
1689620
16897040
16897043
16897483
16898010
16898590
16899062
16899109
16899342
16899369
16899523
16899990
16901402
16901636
16902423
16902599
16902803
16902987
1690310
16905159
16905533
16905546
16906017
16906040
16908318
16912135
1691366
16914135
1691468
1691678
16916800
16916952
16917013
16917142
16917171
16918396
16920841
16921219
16921342
1692236
16925508
16925884
16925992
16926278
16926630
16928192
16929463
16929515
16931649
16931985
16931986
16932286
16932686
16934832
16935211
16935593
16936229
16936706
16938288
16939423
16939630
16940068
16940070
16940241
16940754
16942021
16942602
16943364
16944963
16945924
16946250
16946442
16946489
1694685
16949074
16949212
16949927
16950556
16950638
16950796
16950805
16951478
16952163
16952838
16953191
16953616
16953647
16953837
16954558
16955236
16955786
16956313
16956592
16956595
16956879
16957099
16957773
16959136
16959356
16959378
16960050
16960253
16960982
16961165
1696149
16961761
16962092
16962597
16963794
16963802
16964330
16965663
16965731
16965760
16966178
16966400
16966469
16966686
16969782
16970975
16971132
16971151
16971318
16971495
16971653
16972995
16973644
16973691
16973729
16973761
16973920
16978033
16978353
1697862
16978644
16979358
16980198
16980404
16981227
16981708
16981973
16982285
16982289
16982409
16982590
16982784
16982809
16983322
16983399
16983536
16985038
16985877
16985933
16986000
16986050
16986858
16987374
16988497
16989291
1698974
16989989
16990006
16990263
16990386
16990627
16990961
16996193
16997145
16997449
16997906
17000136
17000714
17000861
17000933
17001291
17001306
17002315
17002377
17002488
17003348
17004727
17005224
17006080
17006762
17006844
17008020
17008113
17008586
17008880
17010375
17010609
17011224
17012403
17013601
17013809
1701386
17014079
17014718
17015480
17015627
17015645
17015817
17016423
17016424
17016498
17016511
17016621
17016711
17017892
17017961
17017963
17017983
17018806
17018843
1701989
17020418
17020465
17020493
17020532
17020995
17021193
1702263
17023173
17023504
17023534
17024475
17024689
1702511
17025265
17026451
17026485
17026984
17027167
17030227
17030912
17031284
17031400
17031544
17032564
17032644
17032653
17033106
17034586
17034761
17035141
17035499
17035524
17035842
17036164
17037745
17038146
17038304
17038422
17038430
17038445
17039381
17040106
17041099
17041888
17042691
17042743
17043119
17044574
17046555
17046701
17049020
17049513
17049961
17050798
1705137
17052662
17052999
17053162
17053353
17053736
17053903
17055820
17056009
17056793
17059813
17059863
17059881
17061960
17062674
17062688
17062721
17063156
17064924
17065054
17065073
17065601
17065620
17067304
17067803
17067834
17068119
17068198
17068342
17068778
17069932
17070143
17071728
17073264
17073688
17075268
17076770
17077153
17077229
17077963
17078596
17079868
17080607
17081103
17081426
17082011
17082235
17082603
17083033
17083048
17083486
17084172
17085856
17086345
17086931
17087737
17088060
1708834
17088426
17088553
17088867
17089011
17090056
17090651
17092593
17092607
17092971
17093363
17094966
17094978
17095543
17095591
17097577
17097861
17098211
17098734
17100196
17101561
17101678
17102120
17103252
17103262
17106506
17107221
17109615
17109827
17110146
17110443
17111172
17112295
17112405
17112803
17114052
17114291
17114500
17114825
17115008
17115069
1711542
17115689
17117613
17118173
17118432
17119350
17120199
17121036
17122017
17122581
1712335
17123717
17124377
17124432
17124497
17125436
17125913
17126311
17126319
17126531
17126817
17126857
17127322
1712816
17128263
17128417
17130456
17130518
17131180
17131328
17131625
17132721
17132781
17132853
17133434
17134027
17134779
17135237
17135299
17135600
17136110
17137369
17138606
17138644
17138652
17139155
17139284
17139494
17139543
17141398
17141733
17142057
17142565
17142999
17143481
17144644
17144674
17146052
17146474
17146529
17146584
17148442
17148760
17150100
17150210
17150540
17150597
17150729
17150752
17150756
17151801
17154252
17154506
17154512
17154523
17154529
17155893
17155953
17156911
17157111
17157188
17157509
17157554
17157779
17158208
17158291
17158446
17158459
17158527
17158739
17158747
17158759
17158936
17158944
17159811
17160551
17161369
17161452
17161848
17162470
17163232
17163808
17163821
17164075
17164136
17164433
17164475
17164692
17166391
17167165
17168267
17168665
17168705
17168764
17169175
17169617
17169748
17171348
17173664
17175104
17177147
1717784
17178882
17179482
17179993
17181139
17181859
17182172
17182884
17184542
17184764
17184907
17184917
17185227
17185906
1718682
17187269
17187453
17187516
17189579
17190530
17190903
17191019
17191848
17192008
17192395
17192486
17192772
17193285
17194030
17194211
17194761
17194886
17195090
17196194
17197042
17197218
17197567
17198704
17199504
17199874
17200663
17201083
17202348
17202402
17202450
17202666
17202804
17203264
17203585
17203775
17205056
17207582
17207992
17209562
17209801
17210712
17210842
17212650
17212998
17213189
17215106
17215245
17216302
17216441
17216565
17217311
17218027
17218095
17218486
17218796
17218977
17219235
17220471
17220694
17221210
17222174
17222188
17222324
17222678
17222819
17223000
17223709
17223989
17224412
17224717
17224860
1722672
17226798
1722692
17226937
17227057
17227289
17228780
17228881
17229090
17229152
17229632
17229727
17229912
17229973
17230521
17233532
1723369
17234180
17234578
17234899
17234900
17236558
17237199
17237342
17238806
17238915
17239355
17239595
17239631
17241115
17242925
17243824
17244260
17244875
1725100
17251017
17251323
17251447
17251453
17251911
17252538
17253188
17253467
17253779
17253913
17254025
17254330
17256745
17257398
17258197
17258485
17258889
17259075
17259370
17259377
17260025
17260964
17263187
17263432
17264295
17265076
17266471
17266602
17266941
17266990
17269701
17269766
1726988
17269994
17270546
17272980
17273558
17273750
17274285
17275317
17275806
17275903
17275978
17277115
1727721
17279774
17281115
17284170
17284621
17284757
17284842
17287146
17287200
17287451
17287563
1728861
17288876
17289086
17289088
17290783
17291629
17291698
17292397
17292452
17292977
17294036
17294093
17296740
17296815
17297093
17297119
17297922
17298031
17298059
17300176
1730056
17300755
17301265
17301410
17303131
17303537
17303660
17305368
17305492
17305578
17306201
17306223
17307971
17308006
17308037
17308100
17308373
17308685
17308787
17308870
17309302
17311259
17311416
17311988
17314054
17314104
17314305
17314321
17314426
17315033
17315049
17315144
17315258
17316176
17316367
17316700
17317019
17317527
1731757
17317669
17317763
173192
17319469
17319845
17319904
17320868
17321471
17321558
17321661
17322116
17322298
17322491
17322500
17323923
17324065
17324336
17325243
1732532
17325510
17327255
17327402
17327420
17327465
17327665
17327908
17328883
17329059
17329241
17329364
17329401
17329841
17329986
17331504
17331884
17331943
17333137
17333241
17333344
17334413
17334708
17334838
17335951
17336114
17336292
17337452
17338280
17338281
17340127
17340133
17341305
17341833
17343568
17344208
17346178
17346280
17346885
17346923
17347380
17347518
17347782
17348045
17349707
17350061
17350930
17351394
17351742
17351760
17352495
17352511
17352516
17352828
17353078
17353295
17353509
17354225
17354380
17355124
17355125
17355287
17355872
17355947
17355958
17355997
17356573
17359382
17360707
17360759
17360906
17360958
17361008
17361331
17362916
17363544
17363735
17363779
17364004
17364237
17366541
17367165
17367258
17367763
17368811
17369066
17369076
17369284
17369473
17369583
17369902
17370311
17370997
17371192
17372252
17372967
17373769
17373776
17374
17374649
17376081
17377202
17378158
17378584
17378897
17379085
17379310
17379518
17379648
17379925
17379930
17380034
17380207
17381051
17382376
17382927
17383764
17384192
17385063
17385170
17386710
17386960
17387033
17387467
17387686
17389249
17389266
17389558
17389618
17389667
17389761
17390078
17390763
17391279
17393201
17394052
17394438
17395896
17395978
17397529
17399988
17401193
17401194
17401211
17401648
17401685
17402939
17403057
17403374
17403555
17404009
17404033
17404078
17405825
17405867
17405869
17405877
17407263
17407276
17407649
17407813
17408310
17408613
17408927
17409272
17409318
17409426
17410123
17413599
17413603
17413769
17414423
17414671
17415709
17416343
17417072
17417877
17418495
17418819
17425721
17425746
17427177
17427197
17427379
17428103
17428498
17428623
17429625
17430359
17430993
17431118
17431126
17431186
17431542
17431913
17432033
17433386
17433503
17434507
17434872
17435174
17436372
17438146
17440943
1744096
17440987
17441904
17442055
17442842
17442976
17444656
17444813
17444965
17445089
17445798
17445919
17449161
17449449
17450170
17450180
17450217
17451064
17452339
17452812
17455212
17456179
17456683
17456767
17457130
17458563
17458940
17459426
17459746
17459764
17460036
17460608
17461417
17461889
17461891
17462598
17462677
17462829
17463062
17463174
17464340
17465195
17465221
17467761
17467904
17467962
17468175
17468269
17469798
17469805
17471183
17472819
17472992
17474542
17474756
17475416
17475673
17475903
17475906
17475913
17475961
17477341
17477811
17477829
17477831
17477916
17478118
17478759
17479245
1748153
17482557
17483357
17484506
17485303
17485499
17485976
17486443
17486539
17486546
17487229
17487443
17487473
17488146
17488477
17488480
17488809
17489664
17489948
17490601
17491551
17494858
17494951
17496098
17496108
17496727
17496888
17497253
17497669
17497934
17498496
17498508
17498936
17498959
17499024
17499824
17500228
17501690
17502280
17502428
17502703
17503181
17503194
17503894
17504107
17504182
17504214
17504263
17504835
17506934
17507169
17508915
17509040
17509103
17510308
17510403
17510465
17510490
17512091
17512104
17512723
17512991
17513029
17513393
17513408
17513437
17513447
17513495
17513636
17514356
17514358
17514873
17515952
17516241
17516699
17516707
17516880
17516918
17517071
17519292
17519354
17520326
17520677
17521299
17521680
17522711
17523921
17524049
17524933
17525040
17525463
17525594
17526543
17526944
17530023
17530144
17530440
17531224
17531229
17531267
17531625
17532684
17532719
17533396
17534402
17534605
17534934
17535043
17535895
17535962
17536021
17536784
17536821
17537059
17537429
17537474
17540669
17540766
17541511
17541557
17541796
17541990
17542618
17543955
17544401
17544870
17545509
17545544
17545671
17545799
17546662
17547515
17549299
17550271
17550639
17550897
17552360
17553470
17553640
17553661
17553935
17554001
17554170
17555402
17555598
17556186
17556391
17556672
17557831
17558310
17558432
17558518
17558897
17559139
17559390
17559398
17559790
17559874
17560369
17561443
17561816
17561836
17562170
17562293
17562355
17562689
17562806
17563257
17564638
17565005
17565386
17565998
17566522
17567465
17567541
17567713
17569287
17570336
17570395
17570561
17572343
17572694
17573046
17573127
17573128
17574432
17574881
17575107
17575216
17575572
17576230
17577101
17577886
17578005
17578016
17578749
17578914
17579194
17581967
17582306
17582922
17583564
17584128
17584443
17584458
17584597
17587357
17587360
17587727
17588300
17588330
17588331
17588565
17588737
17588949
17590520
17591544
17591767
17591776
17591945
17592003
17592198
17592724
17593236
17594079
17594727
17595168
17595308
17595315
17596133
17597258
17597612
17598841
17600316
17600364
17601796
17602574
17602665
17602675
17602961
17603545
17603555
17603755
17603759
17604186
17604359
17604599
17604895
17605814
17606506
17606858
17607546
17607728
17608724
17609268
17609286
17610002
17610258
17611150
17611273
17611697
17611986
17612049
17612522
17612632
17612710
17613539
17614984
17615559
17615995
17616278
17616291
17616786
17617661
17617905
17618444
17618628
17619232
17619587
17619763
17620111
17620346
17620375
17620721
17621480
17622576
17622774
17623014
17624027
17624589
17624933
17624999
17625104
17626178
17627030
17627474
17627521
17627597
17628506
17628611
17629356
17629565
17629760
17629851
17630655
17630695
17630736
17631384
17631921
17632107
17632546
17632548
17634204
17634391
17635814
17635930
17636160
17636172
17636231
17636259
17636467
17636649
17638694
17639997
17640917
17642244
17642865
17643344
17644190
17644279
17644600
17645592
17645691
17646495
17651117
17651438
17651442
17652426
17652600
17652763
17652819
17652997
17653133
17653141
17653748
17653850
17654249
17656585
17656655
17657274
17658513
17658959
17659402
17659996
17660944
17660958
17661275
17661345
17661735
17662248
17662615
17663137
17663143
17664022
17664139
17664250
17664277
17666187
17668068
17668387
17670210
17673199
17673606
17674353
17681557
17685866
17685877
17686376
17688383
17691961
17691997
17692720
17692748
17692905
17693420
17694093
17696499
17696512
17696515
17699867
17701954
17702897
17704420
17705025
17705883
17707775
17712762
17713475
17714066
17714449
17715389
17715422
17716648
17717967
17720886
17722952
17722961
17723160
17724138
17724158
17724194
17726343
17727332
17728847
17762320
17766659
1776688
17768678
17785900
17803013
17805439
17823646
17824139
1783326
17848919
17849388
17850768
17851563
17852165
17852710
17853709
17854027
17869551
17875999
17876469
17876721
17878146
17878523
17881633
17883279
17884638
17884974
17886562
17888514
17892271
17893133
17893968
17896789
17896912
17896959
17897676
17897837
17898305
17899080
17899489
17900250
17900616
17900913
17900923
17902729
17904265
17904519
17905711
17905752
17907286
17908946
17909271
17909753
17910617
17910998
17911465
17912044
17913252
17914922
17915946
17915954
17916059
17918169
17918759
17918893
17919118
17919259
17922476
17922622
17922993
17924465
17924822
17925050
17925555
17925887
17926642
17927214
17927285
17927302
17927612
17928344
17928682
17929114
17929753
17929831
17932499
17932658
17935273
17937610
1794016
17944454
17959709
179611
17963464
17967784
17970226
17974564
17976880
17979301
17980980
17981262
17982508
17984940
17989688
17990791
17995453
18001261
18006837
18007567
18020555
18020563
18022656
18024399
18033153
18034539
18035186
18035187
18035188
18035189
18035606
18038146
18039433
18041889
18042502
18044073
18045203
18045204
18045214
18046235
18046909
18046910
18054637
18054799
18055877
18056045
18056275
18056711
18061144
18061638
18063258
18064417
18065099
18066532
18068131
18068977
18069094
18069753
18072813
18073378
18076336
18077625
18081314
18082162
180879
18093407
18096604
18154426
18158073
18162179
18162396
18165687
18175098
18182122
1818332
18187928
18192961
18200802
18201153
18206251
18216144
18220533
18220763
18220957
18221193
18221374
1822319
18226601
18230610
18231614
18237195
18250364
182529
18253065
18256491
18263620
18265473
18265991
18266857
18269922
18279543
18282775
18284554
18288085
1828823
1828915
18290715
18293356
18299583
18303487
18305010
1830521
1830565
18308814
18310651
18311896
18317243
18318562
18318566
18320435
18321240
18321241
18324787
18325678
18328578
18333889
18336052
18336309
18336310
18343240
18343363
18343915
18354714
1835892
18360605
18363546
18365024
18366283
18373729
18374572
18378531
18381445
18384456
1838579
18393142
18398832
18406614
18408530
18409526
18411198
18423812
18425818
18425947
18433351
18434167
1843561
18439678
18442485
18446586
18447592
18447604
18450949
18452763
18454417
1845848
18465538
18466433
18468627
18471102
18472336
18473501
1847384
18473971
18479202
18480678
18485086
18486039
18486144
18488077
18490184
18491987
18500382
18501371
18501520
18501650
18501888
18503402
18505444
18506437
18508124
18510478
18516076
18516261
18516804
1852778
18534808
18537527
18541897
18542932
18544567
18549246
18549347
18552124
18555935
18559268
18560757
18564249
18565
18568110
18568240
18574460
18574748
18580862
18582434
18582545
18582585
18585815
18593822
18593927
18596212
18597467
18599870
18600270
18600528
18602898
18603831
18604229
18604239
18606504
1860838
18619475
18620538
18620883
18624686
18627212
18627213
18627335
18629356
18633030
1863523
18635521
1864279
18650089
18653994
18655883
18655903
18655906
18664165
18669647
18671470
18671661
18673235
18679668
18680204
18680522
18684057
1868500
18685421
18685832
18686730
18686746
18686757
18687447
18688716
18690878
18691132
18691892
18698001
18700056
18703043
18704368
18708991
18709516
18709879
18714531
18715952
18719742
18723285
18728707
18728838
18728851
18751896
18757754
18761325
18765556
18772354
18773878
18778124
18779324
18780321
18781943
18782051
18782903
18784156
18789923
18797058
18798063
18798704
18803986
18805433
18809391
18810678
18812887
1881457
18815346
18816177
18819053
18824613
18825528
18831971
18832258
18839173
18842832
18847313
1885257
18855614
1886988
18922570
18925391
18937306
18945860
1894598
18948374
18954704
18955042
18970411
18973287
18973551
18973814
18974361
18976723
18977145
18977395
18978530
18978535
18979208
1898092
18983226
18987274
18991633
18991754
18991783
18991872
18992242
18996527
18996971
19000107
19000823
19002123
19005061
19006402
1900882
19010901
1901209
19019313
19020136
19022240
19022936
19023039
19027293
19029287
19029429
19031072
19038618
19039322
19040279
19053892
19056615
19057127
19057128
19057376
19065993
19066416
19066855
19068776
19071138
19075491
19077543
1908244
19085811
19086875
19088384
19091347
19091563
19098484
19101832
19104028
19106093
19110970
1911436
19119014
19120905
1912125
19125880
19141616
19142150
19144697
19146404
19147680
19149483
19149538
1915283
19153939
19156139
19159217
19168050
19169963
19170413
19170653
19171193
19178072
19179941
19181759
19187868
19193782
19198769
19200641
19201819
19203467
19209258
19209282
19210109
19213873
19215710
19217614
19218671
19220141
19223416
19225726
19226257
19228073
19228178
19231363
19232013
19236188
19237207
19237992
19238127
19243285
19244096
19244097
19249983
19252820
19255091
19257799
19259968
19261492
19261825
19273748
19275276
19275277
19275550
19275707
19275898
19277662
19278957
19281809
19284573
19286405
19289525
19289529
1929324
19293512
19293728
19298752
19300583
19302827
19303900
19320280
19323590
19325518
19336526
19337422
19337436
19337725
19338579
19341511
19343298
19344240
19344392
19345234
19348506
19351617
19352159
19361744
19362093
19364280
19370685
19372559
19374459
19376361
19378102
19379059
1938903
19389994
19391150
19399743
19403616
19403853
19406636
19414254
19416629
19416975
19417176
19417616
19420308
19427182
19427589
19427736
19428322
19429089
19429093
19430180
19434307
19434889
19434891
19436611
19436613
19436650
19436656
19436671
19438282
19439089
19439807
19441871
19442033
19442540
1944305
19443999
19445548
19446545
19449447
19450172
19458366
19458386
19460789
19460945
19461861
19463275
19463375
19463689
19463840
19465361
19465517
19465935
19469526
19469531
19470631
19472268
19472276
19474192
19474215
19475780
19475782
19479612
19480393
19480470
19482847
19484223
19493710
19494475
19494617
19496999
19498041
19499843
19499855
19500602
19503773
19505232
19506838
19515014
1951574
19515843
19519385
19519505
19520577
19527023
19528266
19531491
19533734
19537525
19537708
19537723
19542488
19543428
19544046
19545214
19548857
19549602
19549896
19552055
19557119
19558341
19560048
19563275
19565307
19568703
19568704
19570945
19571144
1957124
19575780
19576186
19576489
19578042
19578661
19582593
19584965
19586630
19589026
19596878
19604717
19606942
19607959
19611402
19616061
19618839
19619074
19620795
19622858
19625484
1962562
19627167
1962798
1963303
19634509
19636250
19637941
1964114
19641165
19642221
19644682
19645854
19648295
19651196
1965307
19654053
19654858
1965892
19661462
19663609
19663612
1966571
19666890
19668355
19668384
19668594
19668749
19669185
19673610
19678713
19682080
19683471
1968366
19683911
1968697
19689243
19690271
19692476
19695403
19697832
19698900
1969947
19703035
1970337
1970615
19707263
19707363
19708827
19708854
19715446
19717013
19720750
19724014
19725195
1972625
19726509
19727679
19728573
1973034
19730427
19731987
19732062
19733976
19741491
19743890
19744340
19744401
19747134
19749080
19749264
19751502
19751721
19753124
19754466
19756950
19757196
1975995
19761204
19761360
1976401
19766671
19768947
19772548
19774211
1977506
19778551
19780818
1978244
1978482
1978840
19788505
19788928
1979424
19794821
19795811
19796047
1979630
1979798
1980236
19808995
19809285
19811027
19816940
19818342
19818773
19820031
19821295
1982265
19822896
19825456
19825921
19826192
19828880
1983158
19833195
19833919
19836445
19836985
1983997
19843777
19844625
19846910
19849999
19852077
19852524
19852528
19860692
1986546
19874252
19878098
19878872
19879818
19879888
19886911
19888514
19888521
19894617
19895215
19897077
19897080
19898648
19901885
19904199
19907641
19909895
19917240
19919295
19920925
19928382
19929706
19929811
19930708
19933260
19934256
19938880
1994002
19942638
19947892
19948168
19951374
19952416
19955815
19956552
19960691
19962254
19966183
19997047
19998575
20001433
20001633
20002520
20005306
20005847
20007701
20011245
20012638
20012879
20014331
20015292
20018750
20021350
20022821
20025128
20025554
20027159
20027624
20029618
20029836
20030427
20030735
20033312
20035020
2004037
20044988
20045405
20046204
20051697
20053189
20054444
2005589
20059984
20061745
20072827
20072833
20072836
20072837
20075420
20075651
20078606
20080922
20081230
20083608
20085435
20085574
20089135
20089905
20091113
20091498
20091647
20097194
20097266
20098535
20104269
20104850
20108008
20110043
20110044
20113680
2011412
2011590
20116610
20124930
20126405
20135071
20135628
20136586
20136829
20137114
20138024
20138190
20141432
20143812
20148904
20149798
20151072
20151157
20151830
20151846
20154709
20155724
20161981
20163389
20166098
20166930
20167700
20169198
20170398
20174578
20176067
20184869
20185278
20185318
20187262
20188727
20190824
20193764
20196133
20196537
20204178
20209564
20210688
20210689
20217349
20219933
20221978
20222714
20223979
20224797
20226190
20226815
20227438
20230007
20230616
20230815
20235752
2027917
20298676
20298965
20301409
20301446
20303942
20331927
20334460
20335610
20336596
20338223
20345211
20346397
20347047
20348107
20350663
20350667
20350810
20351564
20352414
20357016
20357747
20358234
20360896
20362444
20363235
20368803
20370661
20370662
20371666
20371872
20372850
20373869
20374735
20378572
20379036
20385867
20387803
20391952
20392809
20394650
20395537
20395700
20398692
20399934
20399943
20400469
20400785
20402382
20403077
20403547
20406080
20406593
20407761
20412040
20419242
20421396
20421509
20424181
20424539
20424816
20426708
20426763
20427668
20428639
20428664
20431506
20432324
20434356
20435140
20436887
20439738
20439956
20441428
20442307
20454509
20457185
20459070
20459144
20459744
20460827
20462199
20463020
20464743
20471318
20480924
20481659
20482305
20485793
20488706
20491873
20493137
20496522
20497523
20498043
20501616
20502000
20502133
20502722
20502724
20505091
20509750
20512624
20512796
20517484
20519365
20519399
20519544
20521180
20522800
20522977
20524801
20524981
20525913
20526191
20528637
20530654
20531964
20541672
20550106
20554370
20557886
20558817
20562554
20564393
20564405
20566645
20569080
20573261
20573858
20577993
20581432
20585544
20586571
20587851
20588320
20589617
20590599
20590601
20590605
20590642
20590743
20592239
20595800
20596674
20599552
20599704
20600211
20600573
20602248
20605094
20610163
2061284
20613880
20615127
20616909
20616958
20618322
20622039
20622401
2062329
20623992
20624420
20624440
20625155
20627999
20631817
20632959
20634231
20636881
20637127
20637823
20637957
20638393
20641600
20641908
20643630
20643904
20645691
20647340
20649595
20653327
20655489
20655983
20657644
20658522
20660663
20660676
20661350
20665209
2066944
20670992
20671072
2067140
20674373
20674565
20674738
20682597
20685573
20687077
20687226
20687618
20691709
20692323
20695427
20704258
20713019
20713066
20717537
20718616
20718859
20719935
20724158
20726582
20732414
2077180
20798217
20798253
20800486
20800906
20801130
20802486
20809796
20810285
20811699
20812347
20814887
20816747
20826568
20827267
20827520
20831932
2083404
20856607
20857090
20858465
20864177
20868352
20869908
20870038
2087492
20881019
20888332
20920967
20927389
20933604
20944767
20945486
20954323
20954794
20957046
20967473
20974151
20976818
20979080
21035455
21036126
21044637
21054754
21075131
21079302
21081544
21084778
2108722
21088277
21091776
21114397
21126620
21129294
2112956
21129983
2113031
21140446
21143836
21147534
2114832
2115510
21157651
21160603
21162110
21163614
21166830
21167887
21168940
21173850
21177475
21194017
21195608
2120175
2120386
21204407
21204417
21207059
21208637
21208749
2120879
21210105
21222147
21250664
2125244
21262851
2128855
21289476
21303162
21308351
2131038
21318872
21318891
21329681
2133043
21351809
2137975
21391865
2140979
2141000
21420761
2144185
2145268
2146972
2148481
2148726
2151003
2151441
2156065
2156274
2157221
2157817
21600945
21606412
21635236
2164935
2165421
21655346
21658377
2167458
2168145
2170997
2175153
2184984
21858491
2189902
2190304
21926191
2200507
22035879
2207500
22130964
22149370
22156854
2216725
2226440
2226620
22293084
22298602
2236897
2244291
22472908
2248058
22520687
225216
2253700
22552008
2262902
22668799
2268554
22698264
2270485
22716121
2272286
2272786
2277128
22790794
22813448
22849428
2286420
22916340
22917017
22966948
2304904
23056222
23061804
2306268
2307235
23072642
23090647
23094782
23134735
23170306
23184313
23190395
23193358
23196784
23204107
23209370
23221868
23250851
23258970
2326286
23272794
2329012
2329499
23303810
2331571
23318685
23319019
2334681
2335478
23356509
2335716
23372609
2337578
23393020
23409026
23409799
23430109
23432625
23468082
2347042
23493838
23514013
2351672
23526464
23536207
23539538
23545936
23550899
23553601
23563275
23563700
23579456
23579459
23583259
23590413
23594083
2361169
23620660
23621583
2362440
236311
2364987
236567
23662017
236774
23703578
2372557
23729002
23730498
237755
2378927
2386110
2386945
2387996
239236
2394753
239964
2404115
240743
2410919
2415663
241701
2423886
2424118
2424284
2432979
2433905
2439795
2439825
2442519
2443243
2446632
2450203
2453744
2456096
2459308
2461561
2467589
2469483
2471291
2475996
2476626
2478994
2481033
2481446
2484931
2486535
2496983
2502209
2503348
2506486
2512511
25190
2519043
2521824
2523301
2527061
2527092
2530096
2532132
2538766
2540229
2540505
2541731
2544117
2544592
2544615
2545161
2545383
2545766
2546049
2550053
2551803
2554095
2554783
2555580
2556198
2559361
2565905
2567267
2567596
2568212
2568436
2568629
2568748
2568935
2569356
2570451
2571203
2571484
2573104
2573502
2575762
2576052
2577144
2578597
2583270
2586632
2586634
2587420
2611778
2612581
2615366
261660
2621166
2625138
2632448
2632679
2647626
2653642
2656175
2656250
2664084
2665179
2676034
2677363
2677719
2679799
2683579
2688391
2692566
2694948
2696507
2697761
2706010
270770
2722720
2723642
2742004
2751392
2758221
2784100
2786749
278843
2789998
2791302
2791613
2811066
2820051
2826773
2826993
2828119
2828423
2832297
2833901
2834313
2835038
2835832
2836111
2836258
2836377
2843389
2845216
2846839
2847647
2847746
2849655
2849950
2850060
2850065
2851449
2855105
2855368
2857046
2857786
2858133
2858236
2858237
2859531
2860228
2865685
2866055
2866233
2867566
2868542
2869188
2870555
2870716
2871581
2871724
2871880
2874214
2874815
2875894
2876128
2877081
2878016
2879489
2879901
2880560
2881994
2882965
2885243
2885244
2886573
2886642
2887435
2888789
2889803
2890101
2890562
2891463
2891550
2892106
2892392
2892659
2892662
2894187
2895037
2895614
2895808
2897127
2897449
2897648
2899826
2901134
2901958
2904117
2905706
2906155
2907348
2907566
2907870
29133
2913485
2922761
29252
2933041
2934687
2938592
2940099
2942172
2943980
2945739
2945972
2949271
2961942
2962844
2963038
2964559
2975224
2975336
2981533
2982481
2982865
2985086
2985405
2987913
2988814
2994564
2994716
2997628
3002801
3004220
3004501
3004700
3004987
3005901
3006661
3010848
3011460
3014923
3015015
3017690
3020249
3020588
3022601
3036471
3037028
3038022
30388
3039120
3039860
3039877
3047364
3058238
3060178
3071951
3076376
3086306
3089818
309138
3091604
3094574
3098406
3122849
3124610
3129020
3129549
3134891
3139361
3141589
3143355
3146348
3147222
3155697
3160800
3164265
3167042
3167688
3168573
3178884
318800
3190453
320034
3202901
3207614
3207986
3208836
3240320
3245263
3247303
3247311
3253717
3258344
3260648
3262993
3266730
3278878
3282749
3299141
3314674
3320565
3334987
3345199
3416882
3419842
3440035
3446047
3463506
3467980
3474745
3476810
3480361
3512734
3517382
3524433
3530295
3532684
3532944
3539207
3542924
3549294
3556584
3572714
3580704
3588607
3593480
3622377
365175
3652030
3661710
368000
36882
3717943
3735252
3758070
3758193
3770229
3774629
3780719
3804697
3806383
3812589
3820316
3828735
3828803
3836113
3838919
3873871
3877503
38961
3896742
3898066
3915273
3917545
3918982
3920599
3928974
3943292
3954800
3955057
3959032
3989343
3994963
4004885
4019417
403177
4039467
4070383
4074605
4074665
4080089
4091799
4123746
4152054
4156788
417864
4269173
42903
4292141
4303363
4332017
4365366
436795
4377655
4380379
4404056
4406367
4464746
448162
4514988
4555460
4577373
458448
4719131
476986
477738
4857231
4861216
4887393
4889058
4942761
497523
500557
5087060
5111605
5284360
5335895
5415686
5431666
5455277
547176
5556760
5674398
5692397
570044
574544
5833399
5918523
5969560
6010427
6086881
6088360
6092486
6094175
6094791
6096660
6103055
6103875
6107062
6115693
6116801
6118411
6124492
6124875
6130192
6130555
6131653
6131674
6132412
6135146
6135616
6136281
6136920
6140014
6142843
6143816
6145710
6146346
6146381
6146911
6146939
6147147
6147851
6148400
6148733
6149133
6149771
6150080
6151117
6151824
6162847
6163479
6165617
6165744
6176798
6177398
6184373
6185115
6186851
6187372
6189542
6202960
6203844
6204835
6206315
6220263
6222739
6226260
6227474
6234942
6239298
6247160
6249436
6259293
6262771
6264594
6268422
6270660
6278496
6287305
6292632
6295263
6297650
6302549
6309236
6311012
6318143
6319437
6319884
6320036
6335600
6336597
6338821
6338822
6339322
6342700
6342772
6347057
6351026
6354181
6355236
6355664
6356275
6362415
6363380
6364362
6365872
6371722
6372801
6374639
6376452
6380538
6380596
6387510
6392224
6396116
639854
6400065
6409111
6413448
6413485
6418550
6422634
6426381
6428914
6432788
6433001
6434940
6436227
6436416
6439037
6448021
6449094
6451613
6454479
6509906
6518278
6524278
6573313
6584048
659331
659613
6603890
6621777
6645495
6646243
6658368
6687626
6701456
6703688
6703692
6704779
6706930
6722124
6726060
6738302
6753759
6755764
6759742
6762529
6785382
6789797
6805473
6808516
6810758
6816217
6820434
6827166
6850722
6865927
6867080
6872937
687395
687635
6892775
6893558
6897316
6941742
6953423
6972981
6983619
7003674
7006761
7018389
7027927
7044524
7052344
7053311
7054210
7062741
7088753
7092487
7122991
7125296
7131091
7173402
7196602
7213132
7214150
7238574
7275938
7286847
7362049
7397203
7407200
7409209
7436456
7437219
744157
744262
7447421
7448199
7473177
7475971
7476290
7482575
7486915
7487468
7488490
7491961
7492077
7492120
7493546
7498321
7499219
7499320
7499429
7499435
7500004
7500366
7508675
7509291
7511163
7511558
7511752
7511759
7513381
7518029
7518297
7520908
7522861
7524043
7526359
7526860
7528133
7528484
7529306
7530204
7531353
7535196
7536941
7539114
7540578
7541796
7542676
7547242
7548008
7554708
7554999
7556407
7559599
7560228
7562497
7562537
7562640
7565098
7565636
7566682
7567987
7573467
7581058
7582530
7583621
7584606
7584665
7585327
7592463
7592550
7592963
7599160
7601910
7606348
7608103
7610922
7612051
7612154
7615202
7616431
7617294
7619804
7623487
7623658
7625729
7626623
7629177
7632944
7638250
7648625
7648771
7649970
7650688
7654486
7656502
7657295
7659770
7661580
7665222
7665369
7670737
7674815
7675115
7678677
7679210
7680317
7680555
7681475
7683652
7684066
7684671
7688826
7689456
7689973
7691623
7692072
7694675
7702639
7703721
7705457
7711211
7713167
7714010
7714409
7714410
7716789
7723747
7725982
7726490
7727426
773298
7734398
7739347
7740336
7741240
7742303
7745844
7746145
7750284
7750291
7751968
7752578
7755585
7755615
7756272
7759768
7761270
7768269
7768881
7769227
7769797
7773533
7773620
7786001
7793877
7800667
7809062
7816863
7824160
7824304
7825060
7825862
7828655
7829710
7831422
7832763
7837275
7838123
7843749
7845208
7846157
7848904
7849137
7849340
7851817
7853212
7855217
7856330
7858879
7864817
7865862
7869099
7872378
7873420
7875228
7878687
7881730
7882570
7883699
7885191
7885194
7890137
7892112
7893266
7898101
7898773
7902561
7903385
7905294
7906055
7907328
7908256
7909690
7911332
7911719
791237
7912539
7913608
7918347
7921608
7925603
7926307
7928182
7928982
7929150
7931216
7944828
7945993
7948825
7952157
7957034
7957532
7958159
7959748
7959795
7961794
7962113
7963258
7963747
7968655
7969507
7974294
7981009
7981624
7984281
7986344
7989460
7994588
7994817
7995016
7996177
7996307
8000225
8001268
8003661
8014033
8020989
8030414
8032658
8036155
8042002
8050463
8058773
8059831
8060156
8061055
8070313
8070368
8073394
8081071
8082693
8083242
808545
8093631
8093733
8095397
8097243
8097565
8097750
8098142
8098761
8099718
8100523
8101246
8101879
8102973
8103526
8103596
8104240
8105356
8106131
8110752
8117686
8119180
8119316
8122301
8129874
8132625
8132637
8133056
8139621
8141114
8142113
8144028
8144423
8146659
8150214
8150771
8157723
8161215
8166240
8172912
8174605
8182534
8183243
8183255
8190989
8195839
8196478
8200980
8206619
8214757
8223836
8230103
823072
8231802
8232788
8241286
8242249
8242725
8249551
8249780
8255367
8263811
8282004
8284673
8288251
8288265
8289199
8294418
8294420
8298083
8301142
8301582
8301696
8302852
8306082
8313547
8313877
8318018
8319832
8319997
8344937
8366144
8369340
8375617
8376914
8380156
8381250
8382768
8384226
8384716
8384815
8384965
8386327
8386571
8388112
8388192
8388200
8389585
8390858
8391582
8391599
8392199
8394693
8399219
8405101
8407861
8415655
8418714
8423526
8423764
8425287
8430939
8439518
8441637
844253
8444678
8446367
8454631
8466638
8467506
8469910
8473318
8478301
8484964
8486204
8487621
8487790
8488368
8490052
8494375
8494570
8494991
8499653
8504733
8506307
8510666
8513851
8516349
8521855
8525459
8529171
8529521
8529651
8533882
8538681
8539478
8540733
8546983
8558452
8564226
8566109
8566141
8568030
8572329
8573583
8574280
8576134
8576220
8576907
8577935
8578198
8578218
8581044
858280
8583364
8584617
8585102
8588861
8589803
8589992
8590979
8592992
8593127
8593484
8600944
8601277
8605174
8605869
8606397
8608784
8610169
8612523
8612823
8615854
8617275
8617772
8622076
8622118
8622623
8622864
8624083
8626538
8626742
8635240
8636122
8636434
8637716
8639691
8640534
8646863
8647140
8647141
8647296
8652509
8657204
8662608
8664165
8664284
8664301
8665533
8666140
8667211
8673626
8676079
8680734
8684598
8693922
8694317
8694842
8694852
8695645
8697470
8700146
8700871
8700900
8702194
8707165
8707338
8710929
8718860
8719802
8720030
8723169
8730709
8730743
8731425
8732994
8733007
8736427
8737748
8738610
8739342
8740147
8741039
8741180
8741184
8743022
8743744
8746803
8748043
8749840
8760033
8760245
8760340
8760360
8762097
8767026
8768700
8772124
8777582
8777955
8781782
8786535
8786706
8787774
8788072
8788445
8792953
8793745
8794928
8797192
8797532
8798723
8799190
8799556
8799949
8808167
8809191
8810346
8813989
8819494
8819507
8820988
8825367
8826571
8829888
8831771
8834867
8834895
8835636
8836617
8836655
8836913
8841090
8842678
8852337
8853931
8861529
8861551
8863001
8863842
8863950
8864321
8864542
8867461
8872361
8875131
8875133
8875343
8876229
8882618
8884233
8884690
8885698
8886398
8889850
8894610
8904614
8907591
8910329
8911881
8911984
8920005
8922740
8922768
8922878
8925876
8930006
893017
8930173
8930778
8935707
8935801
8937933
8938450
8939179
8943052
8945911
8946244
8949640
8951172
8951675
8954750
8955518
8955860
8957254
8964871
8968191
8968334
8968966
8979623
8981065
8981483
8981558
8982649
8986981
8988485
8991786
8996174
8997246
8997630
9002463
9003761
9007522
9007524
9008235
9014160
9014432
9015372
9015795
9016350
9020367
9027352
9029437
9031099
9034981
9035701
9038626
9038817
9039330
9040115
9042024
9042047
9048584
9050980
9051350
9056011
9056052
9056643
9059856
9063462
9066316
9067327
9071018
9073168
9074840
9079657
9079705
9080465
9083792
9084061
9084959
9088585
9093816
9094999
9098663
9098680
9098698
9099227
9100252
9103501
9108121
9108546
9108990
9112981
9115224
9117115
9118466
9120573
9122046
9122737
9127118
9127492
9130467
91313
9138687
9141486
9141556
91427
9144341
9144789
9145236
9145848
9145861
9145922
9145928
9146894
9152412
9153406
9156352
9158727
9164583
9169823
9175172
9181638
9184404
9195366
9197279
9200475
9204085
9205965
9211565
9211916
9223558
9224806
9226736
9227834
9231703
9231746
9249048
9249249
9253954
9254673
9256165
9257083
9257085
9258998
9259062
9262334
9264308
9272380
9279221
9279507
9279965
9284427
9292626
9293187
9294627
9298126
9299436
9300315
9301669
9305421
9305893
9307842
9310349
9310465
9311592
9313928
932529
9326581
9331086
9336012
9336833
9337053
9341357
9342501
9342550
9349567
9352698
9352700
9353417
9355735
9356140
9357398
9359841
9360954
9364810
9374794
9375939
9380737
9387868
9389396
9389694
9392437
9398183
9398303
9399012
9399970
9401944
9406449
9413935
9417820
9421374
9422361
9425362
9428803
9430404
9435505
9435876
9436179
9439778
9442829
9443561
9444440
9449840
9452448
9452465
945314
945467
9454781
9454790
9458118
9462300
9464897
9465843
9466983
946922
9472845
9476974
9480897
9480923
9481468
9481612
948350
9485522
9486667
9493271
9494516
9497025
9505234
9506240
9506246
9506248
9506743
9506845
9508077
9509999
9515574
9521275
9523318
9523819
9524100
9525919
9525969
9529319
9530529
9536001
9537821
9541386
9546276
9547944
9549639
9551715
9551716
9551769
9554869
9557255
9558716
9562338
9563368
9564569
9564606
9568379
9568680
9570326
9570468
9571201
9572299
9573653
9576793
9577836
9579735
9581512
9582297
9582514
9584217
9585822
9586944
9587031
9587066
9587917
9589848
9593936
9596079
9598779
9600588
9602957
9605573
9607108
9607315
9610365
9610840
9614060
9617597
9620917
9622415
9622938
9625809
9626023
9627096
9629498
9630737
9631585
9633680
9638277
9642223
9642259
9643444
9646008
9647463
9647478
9649182
9650800
9650852
9659597
9661007
9661035
9662053
9663612
9664292
9666084
9666280
9666414
9669506
9670923
9672904
9673788
9673855
9677387
9681003
9685234
9685354
9687384
9690036
9691099
9691225
9694935
9694957
9695721
9697104
9700532
9700983
9701490
9705317
9710435
9711054
9711192
9711448
9712193
9712836
9715911
971661
9718276
9718732
9722550
9730838
9730867
9732369
9732824
9733584
9736534
9736554
9740313
9742684
9744490
9747899
9748333
9755102
9760032
9760035
9760039
9765513
9768788
9773153
9773776
9780130
9781919
97820
9787799
9788974
9792131
9793625
9797390
9798802
9806221
9806324
9806328
9806333
9807659
9808077
9808337
9808678
9808738
9815888
9818968
9829163
9831331
9832994
9835260
9836297
9837812
9837973
9838098
9841767
9843368
9843417
9846170
9846638
9850732
9851542
9859690
9860297
9862398
9862411
9862757
9863661
9864049
9865942
9870119
9873034
9876137
9876882
9878991
9879717
9880479
9885294
9885371
9886939
9890894
9891987
9892163
9917075
9917342
9918557
9918563
9923554
9924249
9925527
9928259
9929558
9950599
9951949
996853
9972766
9988531
9989588
9990013
9990065
9990413
9990415
Not Available
