10023134
10023858
10027714
10051629
10051632
100766
10079294
10190900
10192436
10194448
10201900
10201919
10210707
10228015
10229092
10229840
10229844
10231026
10231094
10325418
10330446
10349636
1035137
10352277
10354371
10354514
10358214
10359583
10361232
103625
103630
10367906
10369917
10369920
10380019
10380691
10380703
10380704
10393965
10395670
10395700
10398806
10400426
10402210
10403911
10430628
10430935
10433101
10438941
10447926
10449099
10456888
10457207
10468868
10475606
10477553
10477601
10477699
10477713
10485273
10485907
10488744
10490985
10499813
10501965
10506289
10510380
10510381
10514011
10515883
10527689
10540244
10541804
10541811
10541813
10541815
10553501
10562316
10579388
10579389
10583268
10583269
10586066
10593513
10594700
10595937
10597225
10600028
10608757
10610771
10613744
10613847
10618414
10627531
106304
10634642
10637283
10643704
10648418
10648861
10651850
10657641
10657680
10662556
10662793
10662804
10666223
10677285
10679092
10684965
10688906
10698934
10702422
10704418
10706631
10706684
10706704
10722576
10752630
10752631
10752635
10753826
10754281
10756127
10760804
10760811
10762409
10768846
10775584
10777097
10779753
10781076
10788485
10799866
10803842
10809967
10820234
10834319
10845923
10851082
10861476
10866111
10866115
10871786
10872333
10878359
10878394
10880170
10880387
10886390
10887116
10889299
10889306
10900008
10906388
10912503
10912511
10922073
10924614
10931945
10934227
10938744
10939807
10941843
10949316
10952411
10963674
10986398
10992488
10993912
10993933
11001910
11003384
11003385
11004523
11021809
11034213
11034564
11034605
11035088
11035090
11042159
11044561
11054383
11056671
11059755
11061284
11062437
11067928
11067960
11069073
11069074
11070167
11071657
11076861
11086049
11086069
11086078
11090878
11090880
11091206
11093151
11095704
11098931
11113282
111144
111146
11118050
11130988
11132143
11132150
11132160
11136823
11137577
11145718
11148220
11157489
11159524
11159978
11160197
11160223
11163394
11166396
11169406
11171323
11172027
11180004
11180112
11182152
11207285
11207287
11207288
11207664
11217851
11220626
11222402
11222908
11226481
11230166
11239450
11245476
11251692
11254577
11257137
11257306
11261928
11261932
11278356
11282394
11282395
11292532
11292763
11296304
11299060
11307801
11309159
11318599
11318600
11337383
11342648
11346653
11349828
11356220
11356229
113684
11373092
113776
11380674
11380690
11389022
11390037
11401431
11414747
11417861
11418483
11418657
11418667
11427727
11438472
11439168
11449368
11457479
11468171
11468550
11474574
11477560
11478516
11483206
11483207
11486279
11486282
11493467
11498462
115000
11529934
11556482
11556982
115593
11566323
11566324
11577350
11581315
11587734
11590189
11592961
11602052
11602729
116231
11641406
11673522
11675349
11675358
11684295
11685468
11687252
11696385
11701960
11714808
11732911
11739181
11739512
11740394
11745383
11745384
11751970
117548
117549
11772942
11781155
11781688
11807770
11823785
11828012
11828014
11829494
11844144
11849229
11849233
11858873
11859101
11859120
11862381
11862408
11862409
11873012
11877297
11877309
11878915
11891275
11894960
11895785
11895794
11896344
11896930
11904682
11904684
11904732
11907093
11907127
11908722
11918633
11929772
11942410
11943481
11953007
11959108
11960306
11960344
11972886
11976079
11976787
11986687
11986957
12009207
12016128
12023335
12031415
12031828
12037603
12044778
12049167
12051675
12055241
12060766
12072270
12074928
12080064
12082128
12097385
12107092
12115649
12117915
12130507
12130661
12133958
12136335
12163274
12165525
12183544
12185539
12193692
12193718
12196289
12199779
12207157
12208878
12209626
12209645
12213331
12218070
12220888
12220889
12237318
12239182
12241546
12242589
12242593
12244178
12370374
12375812
12377222
12378631
12379775
12384446
12384546
12389098
12391209
12391228
12393717
12406075
12406716
12414967
12415263
12423304
12423777
12437638
12439618
12439620
12444130
12444131
12445308
12454917
12461652
12466851
12472659
12473060
12477932
12480699
12488098
12504553
12507816
12514749
12515719
12516573
12531282
12535706
12543864
12547627
12548542
12555677
12567627
12574348
12576325
12586485
12589786
12593722
12594244
12594284
12595239
12603594
12607101
12610298
12615901
12618911
12624045
12629221
12634786
12642497
12646635
12646640
12649149
12649268
12663449
12665517
12665622
12667685
12668670
12670918
12671738
12671739
12676533
12679855
12682248
12694545
12694572
12718755
12733005
12734355
12738866
12738882
12758129
12768015
12798368
1279886
12799182
1280761
1281693
1282498
12825170
12829584
12829708
12833571
12842761
12855623
12860977
1286873
12871218
12873980
12874205
12874220
12878327
12880423
12880681
12881317
12882828
12908937
12909128
12919318
12925674
12941482
12943797
1294714
12962306
12962983
1303683
1309699
1309938
1310710
1311259
1311262
1311264
1311265
1312664
1313573
1314381
1316491
1316921
1319397
1321850
1321853
1322863
1330077
1331240
1333603
1334971
1338980
1339266
1339322
1339353
1339379
1341900
1343101
1347283
1347400
1348029
1348495
1353749
1361078
1362236
1367535
13679813
1368489
1370417
1370515
1370532
1370689
1371303
1371472
1371499
1371786
1372438
1376051
1378927
1378929
1379039
1379189
1379974
1380061
1380258
1382561
1382911
1383347
1384036
1385519
1385548
1386651
1386940
1387203
1400379
1401079
1401921
1401933
1402658
1402663
1404388
1404389
1404611
1406658
1408808
1418981
1420357
1421403
1425571
1425914
1425919
1425927
1428010
1429043
1434806
1438192
1438230
1446073
1446707
1446824
1446832
14500492
14500691
14504096
14504392
14507324
14522012
14527957
1454067
14551603
14555959
14558103
14559841
14563316
14564482
14564492
14566436
14568943
14571324
14579270
1459431
1459589
14597160
1460279
1460283
1460284
1460285
1460290
14607892
14608537
14617030
1462126
14634146
14638763
1464314
1464556
1467538
14678200
1469099
14693915
14698295
14702039
14705983
14707078
14707086
14727097
14757744
1483686
1489727
1495496
14962308
14966189
14972527
14978094
1498085
14981267
14983044
14985877
14988501
14990977
14991595
1499555
14997552
15004199
15004202
15005737
1500714
1500855
15009806
1501424
15019286
1502173
15025583
15039382
15043946
1505693
15059139
15059288
1505953
15061213
15082070
15087123
15096488
1511750
15123839
1512536
1512540
15126417
15128505
15132758
15133646
15142528
1515097
15155658
1516616
1516630
1517233
15175647
1517580
15183930
15183934
15194801
15196210
15197511
15210352
15219858
15240702
15241634
15243720
15251420
15256259
1526654
15272416
1527391
1528194
1528195
1528851
15302849
15302863
1530864
1531352
1531665
15319069
15319453
15322184
15322185
1532437
15334820
1534064
15340746
15342907
15349702
15367345
15368281
1537339
1537385
1537387
1537587
15378069
15379978
1538136
1541667
1541668
1541829
1542295
1542297
1543908
1545119
15455127
15480765
15485827
15489335
15491612
1549371
15494492
15494507
1549498
15502325
1551402
1551410
15519543
15522917
15557173
15564134
15566477
1557040
1557045
1557049
15576418
15585315
15589319
15589322
15590944
1559979
15604028
1560463
15627975
15629085
15640805
15644600
15652494
15664164
15667563
15671142
1567551
15685175
1569182
15696305
15699144
15706403
15711805
15712658
15728499
15749880
15756545
15766403
1577482
15777935
15781115
15802962
15804291
15819699
15820122
15834788
15837217
15837810
15843567
15843816
15852016
15853899
15863615
15864781
15866720
15867095
15868143
1587549
15878862
1588279
15885125
15897986
15900492
15900493
15900497
15914849
15915538
15917118
15919103
15920162
15939494
15944280
15950725
15950740
15951200
15958072
1596359
15964573
15971273
15992850
15996020
16002667
16002708
1601042
1601044
1602010
1602011
16023370
16025324
16038932
16048955
16061794
1606727
16076869
16083804
16083958
16104785
16112646
16125878
1612650
16129570
16132115
1613458
16136131
16136134
16140379
16141072
16141073
16143985
16160827
16168480
1617110
16177311
16189671
16193056
16195378
16199094
16199666
16210652
16212535
16215733
16216525
16225427
16227204
16227243
16233921
1623920
1623923
16239548
16247606
1624796
16257179
16269615
16272317
16290278
16301650
16301677
16303181
16313362
16330748
16332457
16337682
16339548
16341006
16343618
16343622
1634771
1634774
16351693
1635558
1635560
1636087
16361318
16366734
16375969
16377887
16384919
16393976
16396634
1639794
16398642
16403645
16409835
16411412
16412056
16424195
16424198
16436502
1644448
16445941
1645798
16458892
16469392
16472860
16510185
16514499
16515886
16517731
16520872
1652759
16528499
16541255
16549799
1655683
1655899
1655900
1655908
16563430
16563510
16568263
16569683
16570139
1657249
16574227
1657615
16581131
1658145
16585564
16598819
16599957
1660526
1660528
1661315
16620986
16622211
16630026
16635589
16690125
16698423
16705032
16709844
16714549
1672339
1672349
16750217
16751016
16751390
16754718
1676037
16777066
1678859
16790805
16793138
16794819
16796401
1679835
16799810
1680918
1680958
16818768
16818885
16824601
16836618
1683681
16838382
1684157
1684376
16857387
1686027
16860443
16860756
16862166
16864779
16877547
16884787
16884837
1688605
16888007
16888085
16894184
16896832
16905150
16912901
16919678
16924110
16925788
16926269
16935352
16939323
16941126
16951339
16951347
1695669
16960114
16962608
1696733
1697309
16984950
1699529
16996161
17005006
1700830
17015732
17015754
1701791
1701821
17020971
17027020
1703205
1703527
17039360
17052917
1705514
1705528
17060470
17068139
17084450
17084858
1709665
1710233
1710243
1710250
17110129
1711496
1712020
1712102
17130492
1713585
17140598
17141331
17141798
17142757
1716145
1716210
17165047
1716785
1717147
17174398
1718404
17192818
1719545
17196657
17202383
17204327
17207965
17222909
1722316
17229439
17234432
17270302
1727861
1728310
17285249
1730251
1730257
1730262
17306373
17307198
1730883
1731187
1732418
17329327
1733627
17336416
17345580
17368536
1737637
1737932
17404260
17404318
1740450
1740665
17418895
17442951
17451647
17451816
17452421
17460414
17464504
17468760
1748299
17485509
17488696
1748994
17498813
17499405
17513792
17517846
17532043
17535902
17544799
17548223
17548632
17553520
17558411
17560662
17576393
17581986
17593422
1760406
17604101
17604102
17606688
1760840
17610421
17626084
17626842
1763028
17638864
17646980
17658280
17661911
1766674
17673294
17675156
17681605
17692918
17696193
17709530
17714596
17719728
17724067
1772882
1775062
17760806
17767567
1777416
1778474
17827343
17845821
17881291
17897714
17900289
17904654
17916162
17942751
17949814
17953528
17968927
17974005
17983446
17983656
1799683
18005036
18020454
18022233
18022691
18034894
18037161
18040280
18064298
18070892
18157118
18178844
18190781
18191637
18192498
18237741
18238899
18242516
1824262
18250444
1825057
18252695
18253030
1825973
1826266
18266119
1826888
1826889
18272397
1828265
18283540
18287279
18289681
18292552
18292568
18295888
18321573
1832385
18329101
18329664
1833450
1833769
1834762
1834763
18354205
1836485
1836737
1836738
1837811
18382373
18385459
1839077
1839094
18400753
1840502
1840571
1840606
1840614
18424744
18430472
18455799
18466981
18483396
1848583
18486212
18490746
1849631
18508897
18538340
18538846
18538861
18567838
18578572
18606684
18616961
18632156
18662314
18687986
1868874
18714390
18716625
18718520
18718665
18760646
18768829
18779593
18812466
18825741
1885569
1890310
18930548
18930549
18941221
1894312
18952293
18952295
18952901
18974093
1898606
1898607
1899104
19000148
1900083
1900459
1900879
1900880
19009014
1900920
19009288
19012967
19012969
19013241
19013650
1901541
19016523
19017996
1901886
1901897
19019442
1902191
19023113
1902593
19027165
19029818
1903418
1903706
1904072
1904080
1904082
1904361
1904362
19048248
19050259
1905142
1905399
1905783
1907305
1907917
1907997
1908401
1908508
1908510
1908880
1909030
19090748
1909645
1909648
1909788
1909789
1909995
19100746
1910198
19103746
19109136
19109146
19121643
19142737
1915549
19157554
19166875
1916951
19187964
1918967
1918992
19201029
19204106
19220320
1922069
1922102
1922365
19234230
19245715
19264660
19290051
19291508
19293154
19297614
19299020
19307730
19321620
19326078
19327839
19333591
19345151
1935893
1936114
1936125
19361421
19365555
1937027
19375173
19380805
19380808
19403169
1940382
1940383
19411600
19414198
19439654
19464529
19468063
19478457
19506858
1950775
19544488
19561539
19581004
1958478
19588135
19609519
19617628
19665444
19667096
19675164
19684080
19690854
19716651
1971731
19717516
19726674
19729618
19733401
19744487
19744563
1974568
1974916
19759151
1976702
19779563
19783679
1979064
19796689
19800977
19804909
19818816
19834558
19837691
1988455
1988542
19889766
19903903
19913303
1991490
19915167
19917718
19922798
19925869
19931913
19933850
19951957
19965661
1999439
20003392
20005256
20012277
20018621
20026738
20039674
20056120
20060473
2006158
20086143
20096915
20097900
2013094
20139278
20144200
20162414
20170639
20193664
20204612
20207992
20210923
20220085
2022340
20224781
20226386
2022732
20233059
2023948
2026457
2026880
20303650
20333376
20345138
2034676
20363970
20385755
20392886
2040800
20433749
20435350
20465568
20466019
20483487
20488795
20498019
20538092
20547965
20548779
20556377
20558301
20573403
20585770
20598755
20600071
20615945
20616233
2062315
20631379
20637220
20638133
20639904
20644615
20655599
20660349
20668228
20676094
20696918
20714894
20739503
20801526
20802495
20813058
20817869
20875420
20921520
20935207
20952642
20954012
20956345
20956348
20956568
2095753
2104661
2104890
2104919
2105490
2105495
2106137
2106628
21067817
21068211
21070232
2107083
2107524
2107969
2108215
2108216
2109186
2109314
2109325
2109696
2110659
2110660
2111145
21113678
2111450
2113175
2113556
2114012
2114219
2114275
2114449
2114528
21147924
2114977
2115572
2115996
21160049
2116989
21172353
2117273
2118596
2118932
2118933
2118935
2118991
2118996
2119496
2120331
2120337
2120347
2120447
2120577
2120579
2120708
2121365
21220454
2122447
2123029
2123557
2123805
21239030
2124176
2124350
2124677
2124678
2124679
21249212
2125274
2125275
21277307
2129539
21321570
2137108
2144610
2145166
2151899
2152964
2153176
2153177
2156339
2156935
2157139
2159151
2159639
2160502
2164069
2170450
2216779
2225073
2230115
2235525
2236002
2246505
2246519
2258702
2272661
2307849
2317867
2320951
2326274
2336368
2339132
2342491
2347911
2349098
2358678
2364432
2372502
2390124
2391419
2398280
2407723
2408274
2410256
2410925
2411567
2411938
2413453
2416469
2421164
2426193
2430792
2431093
2438345
2439914
2442288
2447185
2451244
2451287
2452836
2453567
2454261
2455603
2456576
2457627
2460336
2462609
2463165
2463672
2464031
2467296
2467813
2467902
2471975
2479683
2480811
2489032
2492051
2492198
2492284
2492331
2492580
2493631
2493991
2494666
2495249
2495330
2495969
2497033
2497178
2497188
2497339
2497340
2497341
2498430
2498431
2498807
2499871
2499872
2500485
2500663
2501385
2501761
2501791
2503826
2505237
2505260
2506527
2507167
2507312
2507399
2507636
2508064
2509341
2509520
2510996
2511000
2511001
2512349
2512350
2512351
2512480
2513209
2513486
2513487
2518659
2521243
2521355
2522500
2522971
2523312
2523428
2524381
2525149
2525173
2525780
2526321
2527252
2528075
2531193
2531466
2534801
2536639
2538551
2542965
2545600
2550552
2551037
2555418
2555794
2557545
2558022
2563357
2564370
2567282
2567773
2571587
2574461
2575392
2578321
2580639
2582268
2582491
2583098
2583225
2583230
2584925
2587273
2592023
2613231
2661689
2672338
2704746
270752
2715636
2726754
2747637
2747644
2748602
2768245
2778316
2783489
2784150
2784565
2784852
2785917
2786910
2787499
2788889
2789518
279004
2793209
2806544
2820713
2820714
2820872
2820875
2825139
2831291
2833436
2833750
2836865
2838527
2840480
2841108
2842228
2842399
2842402
2843438
2843460
2843461
2844897
2844954
2847872
2848920
2849763
2852016
2853098
2853099
2853100
2865728
2875941
2877902
2879283
2879869
2880403
2881886
2883009
2884636
2885375
2889139
2898755
2902186
2903824
2909518
2911596
2925231
2938743
2943999
2944745
2946043
2949984
2950053
2951442
2953795
2955286
2955517
2961573
2961609
2961810
2962935
2963227
2964640
2966921
2969332
2969370
2969758
2971534
2971535
2974163
2974947
2981633
2982951
2983316
2984292
2984306
2987352
2987353
2987790
2989826
2991773
2991895
2993907
2993908
2993909
2994005
2995827
2997193
2997711
2997712
2997713
2997718
2997735
2997750
2998759
2999240
2999288
3000765
3003227
3003579
3004940
3005465
3005467
3008004
3009621
3011910
3012351
3013753
3016457
3016742
3017705
3018508
3020544
3021580
3023521
3023861
3025740
3025857
3028778
3029225
3029597
3029666
3033520
3034625
3035019
3035576
3036364
3036367
3036829
3036994
3037085
3037313
3039001
3040883
3045807
3079673
3079796
3079912
3081634
3081649
3081652
3081877
3083265
3083268
3083417
3084104
3085099
3085103
3086844
3086846
3086847
3086866
3088107
3088116
3088203
3088570
3091379
3092355
3093373
3094013
3095795
3095832
3095834
3096716
3097139
3097149
3097326
3097643
3099286
3100050
3100621
3100632
3102254
3102359
3102973
3103123
3103124
3104790
3104881
3104915
3106069
3106497
3106498
3106970
3107979
3107981
3108392
3108858
3109891
3110274
3110275
3110599
3110600
3110741
3110791
3111993
3112743
3112943
3114047
3114373
3114374
3114375
3114376
3114714
3114715
3116084
3116265
3116409
3116413
3116544
3117530
3117531
3117887
3118372
3118465
3119711
3119721
3119722
3119763
3120193
3120312
3121751
3122210
3122211
3122749
3123998
3125254
3125551
3126232
3126234
3126254
3127222
3127273
3129289
3130611
3130612
3131767
3132612
3133445
3133489
3135182
3135325
3135329
3135938
3137264
3137265
3137458
3138109
3138111
3138112
3139711
3139886
3140378
3141149
3141510
3141512
3141517
3141902
3141924
3143045
3144456
3145194
3146024
3146527
3149624
3149946
3158708
3172216
318161
3185552
3186718
3186743
3194425
3199070
3211160
3243276
3258191
3258819
3259177
3259318
3260539
3262424
3263646
3289951
3309895
3321052
3346043
3346546
3351922
3372011
3374494
3396540
3396541
3397543
3413078
3416831
3417342
3453106
3454257
3458188
3458221
3470759
3470773
3471350
3472243
3472768
3475706
3480534
3484541
3485798
3486721
3487087
3487088
3487774
3487785
3489234
3490692
3490968
3491297
3493439
3494611
3496601
3500220
3500977
3501368
3502705
3502713
3510743
3547408
3549466
3554237
3653075
3680952
3692175
3713831
3755549
3755748
3772297
3783089
3838967
3839904
3840763
3860845
3865189
3866244
3871253
3871915
3873654
3874403
3875151
3875797
3917574
3917858
3917859
3918310
3919442
3920343
3920659
3921823
3921826
3922054
3922855
3923362
3924411
3924412
3924600
3925437
3927006
3927151
3927169
3927261
3929252
3930650
3931074
3931219
3932578
3935328
3937726
3937730
3937766
4075394
4092693
410436
4135409
418414
5276767
597858
6084592
6086934
6086939
6087279
6087280
6089106
6089186
6089189
6089199
6090932
6091030
6091043
6091049
6092053
6092962
6092964
6095057
6095102
6095199
6098461
6098462
6098810
6098827
6101208
6101209
6101210
6112748
6143316
6164985
6170065
6171827
6186498
6193512
6202421
6208280
6208487
6210879
6221341
6222379
6233363
6234164
6244294
6244580
6245773
6250219
6251474
6253904
6253944
6255422
6255443
6259534
6260591
6262318
6262729
6262816
6264318
6265099
6265910
6273429
6273747
6273908
6276389
6278424
6278432
6282840
6283385
6283537
6285297
6286136
6286821
6286826
6286832
6287422
6287432
6287467
6288267
6288268
6289266
6292864
6292865
6296789
6296790
6296832
6297773
6297797
6298749
6298778
6299662
6300763
6300779
6300851
6300887
6304638
6304715
6304729
6306472
6308460
6308559
6308570
6308665
6310496
6310609
6313207
6313520
6313940
6313945
6314258
6315403
6316256
6316263
6316276
6316284
6316351
6317690
6322114
6322170
6323031
6324107
6325923
6325927
6326095
6326109
6327064
6327276
6328306
6328416
6329676
6329700
6329728
6330199
6330561
6330679
6334237
6334238
6334361
6336329
6401845
6402305
6403356
6403866
6407005
6408641
6409417
6409418
6409419
6410392
6412145
6412231
6414718
6416826
6416834
6416835
6417547
6418803
6419123
6419124
6419127
6419128
6420211
6420501
6420504
6420706
6420709
6421489
6421981
6422305
6424123
6425835
6429663
6432336
6432337
6432910
6433207
6434636
6434992
6434993
6438631
6440030
6440122
6443613
6443796
6446404
6450418
6450943
6452630
6453743
6462219
6474190
6500131
6546606
6546718
6548551
6578511
6593728
6611207
6611508
6689056
6766534
6767197
6767246
6767723
6769593
6769752
6771019
6771020
6772973
6774257
6774258
6774415
6775817
6775818
6776411
6776490
6776492
6777049
6777755
6779204
6781756
6783961
6783962
6784124
6785724
6787590
6787603
6787604
6788376
6788890
6789211
6790218
6790349
6791031
6791832
6791833
6795090
6795591
6795593
6795636
6795638
6796498
6798155
6799207
6799208
6799835
6801526
6801528
6801657
6801659
6801765
6803173
6803238
6803241
6804942
6804948
6804950
6806667
6806821
6808505
6808515
6811139
6812048
6812053
6813744
6815656
6817141
6818553
6819799
6819978
6820340
6821128
6821506
6857243
6877353
6894931
6895103
6927852
6946451
6952248
6954478
6960358
6964396
6968091
7010180
70277
7058332
7159574
7312051
7402334
7407925
7439686
7448866
7473734
7475267
7475288
7481558
7486548
7486591
7489745
7490114
7490263
7500008
7500015
7504024
7505446
7506919
7508081
7509350
7509622
7509814
7510663
7511820
7512577
7514641
7515087
7517795
7517973
7522957
7523380
7523868
7524734
7525304
7525723
7527932
7530542
7532786
7533089
7533189
7534138
7535332
7535371
7535593
7535701
7536464
7537854
7538537
7538901
7539711
7540257
7542459
7543205
7543877
7543974
7544381
7545266
7545916
7545920
7545929
7545950
7545980
7547696
7547704
7547707
7556803
7558940
7561099
7561145
7580911
7585544
7589071
7589114
7589129
7590965
7590966
7590967
7590976
7590979
7591875
7594506
7594513
7594572
7594614
7594631
7595203
7596829
7597040
7600292
7601443
7602095
7602365
7607709
7608138
7608545
7608572
7609735
7614978
7614980
7614988
7614998
7619079
7628706
7629512
7630186
7632694
7636215
7636249
7639802
7642227
7642232
7643860
7646879
7650368
7650375
7650376
7650379
7657830
7659095
7659534
7664778
7664801
7672822
7672828
7673720
7673721
7673723
7677192
7678110
7678406
7678971
7681150
7681398
7681468
7682987
7683215
7683252
7684690
7685001
7685048
7685322
7686150
7686925
7688392
7688554
7689590
7691608
7691963
7692237
7693038
7693808
7696920
7698223
7704974
7706430
7706729
7716162
7718328
7718888
7719381
7721339
7721349
7721353
7721360
7722285
7722305
7722311
7722338
7723393
7727781
7731047
7731812
7734387
7734427
7736538
7737671
7743668
7745247
7756575
7756578
7759095
7759137
7759486
7759874
7761428
7772562
7774065
7774912
7787333
7790768
7790811
7794822
7797268
7805720
7806247
7806283
7807002
7808003
7813432
7822155
7822787
7822794
7822807
7836741
7836759
7836907
7841991
7842484
7843240
7847861
7857668
7858179
7858180
7860092
7865459
7868375
7868897
7869028
7869042
7869301
7870058
7870059
7870064
7874434
7875223
7876568
7877689
7886953
7888030
7888678
7889540
7893160
7893803
7895525
7896802
7897210
7898495
7899824
7904666
7907110
7908285
7913080
7913518
7916122
7916589
7916590
7916694
7916698
7916905
7917014
7920229
7920236
7920635
7923137
7926306
7926831
7927543
7930579
7930582
7931073
7935500
7937749
7939414
7947271
7950918
7954462
7957093
7957577
7958890
7959026
7959766
7959772
7959886
7959955
7961119
7963546
7964454
7964506
7969144
7971992
7973453
7973703
7980853
7989128
7989756
7989757
7990929
7991601
7993797
7995940
7999957
8006591
8011175
8018598
8018600
8020962
8020973
8022771
8025580
8026525
8026526
8026860
8026868
8027543
8028600
8029639
8031570
8034636
8037837
8040307
8043433
8043859
8043881
8043949
8046225
8046236
8047073
8049438
8049439
8056040
8057663
8058743
8064870
8070412
8079173
8082298
8082814
8082892
8084339
8089476
8094556
8095932
8099917
8103500
8105375
8108133
8108876
8112295
8118034
8118037
8118038
8118100
8119739
8119740
8125127
8125298
8125530
8128189
8128623
8133031
8133065
8137535
8139585
8139927
8144918
8144926
8144962
8144963
8145043
8149953
8149961
8152252
8155259
8155605
8163948
8168940
8176215
8179887
8188290
8189047
8189068
8190128
8190131
8193363
8196048
8200991
8202662
8204889
8206093
8206104
8206523
8206530
8207230
8207254
8222331
8223471
822353
8223851
8223857
8223862
8223863
8225440
8226814
8228221
8228225
8228227
8228232
8231236
8232333
8232339
8233786
8234326
8234330
8235443
8240664
8240665
8244371
8244416
8244420
8245454
8245458
8245460
8245479
8245485
8245772
8247027
8247031
8247530
8251391
8256195
8258341
8258346
8258459
8258714
8262038
8262682
8264647
8272078
8276457
8276460
8276465
8283042
8283044
8290556
8290898
8294871
8296159
8298138
8300591
8301144
8301146
8301147
8302300
8302586
8302838
8309474
8309476
8309481
8309947
8315387
8315388
8316761
8319975
8319978
8319979
8319984
8321196
8324896
8329713
8332501
8335904
8335909
8335911
8335912
8335932
8341287
8341683
8341702
8344344
8344363
8345203
8346257
8347553
8350044
8350055
8350056
8357959
8361498
8361760
8364211
8367485
8370398
8370413
8372513
8373627
8376794
8376796
8376935
8380825
8381389
8381833
8381834
8382165
8383995
8384723
8387226
8387894
8388424
8391057
8391058
8392093
8393896
8394109
8395113
8395463
8396607
8398983
8405044
8406611
8409426
8409427
8409457
8412312
8412327
8413326
8416200
8417118
8417120
8417369
8418213
8419161
8419166
8419173
8419176
8419481
8419483
8419921
8420835
8423343
8423804
8426111
8427969
8429833
8432848
8432981
8432983
8432995
8433707
8436172
8436174
8436414
8436417
8436423
8436911
8441396
8449210
8452816
8454861
8458374
8460070
8462988
8462991
8462997
8464428
8466863
8466864
8468473
8469934
8473015
8473505
8477796
8477809
8478021
8478936
8482366
8482584
8486930
8487773
8487778
8487781
8487784
8489540
8490662
8491175
8495979
8500110
8500272
8500523
8500524
8500770
8501983
8502245
8505063
8505850
8506275
8511672
8514881
8515063
8515660
8515789
8517929
8527412
8528285
8530018
8535317
8536681
8537086
8537111
8537125
8537129
8539236
8541531
8544859
8544860
8545882
8550104
8552609
8554698
8555066
8555499
8557040
8558010
8558079
8564085
8566010
8566044
8568858
8571554
8575795
8575818
8575819
8575829
8594203
8596021
8596038
8599211
8601832
8603494
8605326
8605361
8605940
8607875
8610117
8611706
8613142
8614980
8616769
8617311
8618853
8623190
8624468
8625313
8625968
8630407
8636407
8636426
8639418
8642059
8642197
8642299
8642322
8647439
8648670
8649440
8649444
8650574
8652382
8652548
8661120
8662073
8662074
8662079
8665861
8671595
8674244
8675170
8676895
8678981
8683112
8683116
8690705
8690905
8691734
8695186
8695815
8699031
8700166
8704181
8719661
8743296
8744727
8750273
8752841
8753861
8757324
8757621
8759011
8759737
8765023
8766565
8768802
8770638
8774347
8778338
8781120
8781123
8781130
8781541
8782813
8784347
8786305
8798471
8801417
8805626
8805642
8813736
8814326
8824154
8833916
8834918
8872162
8878390
8879220
8910359
8911132
8915626
8917444
8917630
8918585
8919357
8920869
8931291
8941639
8943038
8946677
8951372
8952958
8955180
8955596
8971011
8972854
8977195
8977236
8977271
8982774
8986722
8986811
8988168
8995184
8995187
9000082
9002443
9003512
9005985
9010242
9010243
9012699
9017011
9028952
9030878
9036968
9038102
9040007
9040984
9043960
9045918
9045929
9052832
9057657
9064325
9074928
9075923
9079820
9088979
9089093
9089098
9089105
9094705
909779
9103441
9110172
9110937
9117997
9126488
9126846
9127017
9129040
9131588
9144492
9144495
9149142
9153293
9154467
9162106
9164970
9166858
9171891
9172016
9174141
9174619
9184912
9184914
9188844
9188850
9191281
9203958
9203966
9207791
9209491
9215757
9217184
9218530
9218535
9218717
9219033
9219263
9223323
9225974
9233627
9250847
9256483
9271627
9271631
9275679
9278288
9278320
9284147
9294139
9302298
9305839
9307060
9307062
9312164
9315677
9317102
9317138
9321424
9321436
9324296
9328570
9328579
9361961
9368617
9373149
9373332
9378976
9379038
9382926
9393966
9393968
9394819
9394827
9396857
9396858
9409788
9419025
9419211
9430223
9435342
9443038
9449702
9449717
9451442
9464528
9466919
9480722
9482908
9485218
9489702
9490668
9491424
9500791
9502430
9504941
9509426
9510172
9510199
9519767
9519790
9519824
9529146
9531621
9539780
9548462
9551917
9551979
9553152
9564893
9570535
9570539
9570541
9574524
9574545
9576198
9576929
9590238
9596678
9601945
9602359
9602370
9603450
9605848
9606177
9608356
9614934
9616139
9618660
9619489
9635678
9637583
9653035
9657749
9705314
9707610
9710220
9710235
9711926
9712055
9712075
9716644
9717671
9724783
9725223
9727067
9729118
9729530
9743351
9745011
9745015
9751752
9754561
9754584
9759872
97634
9763576
9763602
9764614
9764911
9780192
9786424
9788964
9788968
9799333
9802980
9805656
9805657
9808208
9809582
9811964
9819225
9819226
9820508
9824495
9826702
98276
9834093
9847074
9852227
9869916
9880104
9886329
9886382
9887257
9914919
9933438
9971792
9973409
9973411
9973412
9973414
