10096066
10101114
10198247
10207149
10226011
10336692
10354482
10357933
10375498
10381570
10409512
10409761
10433830
10452845
10452950
10465787
10525348
10529430
10545248
10588882
10628847
10637336
10644409
10648246
10660305
10660673
10704844
10704848
10753518
10764759
10778857
10790331
10797011
10844029
10862738
10862753
10882130
10885752
10926776
10934014
11014815
11020715
11023865
11033359
11051548
11051549
11051550
11071761
11076769
11080162
11118881
11136980
11159907
11159914
11169845
11222137
11231067
11262224
11290304
11303087
11336670
1136980
11431466
11493575
11516643
11518505
11520662
11526088
11583936
11691840
11729153
11731230
11744367
11752402
11783990
11807027
11830564
11841504
11850176
11850184
11850413
11937027
11973310
12045184
12070087
12086463
12086602
12097338
12107285
12110293
12128207
12175492
12175493
12200449
12202035
12324942
12408801
12421707
12464180
12464428
12466192
12482712
12490953
12537575
12546820
12571107
12581523
12586708
12632177
12662925
12670999
12679032
12705870
12711543
12758126
12853632
12909726
12954775
12967559
12967563
1325394
1327756
1340472
1348871
1356761
1358457
1361457
1362651
1363088
1363225
1363542
1372245
1408750
1411512
1423619
1426635
1448095
14512024
14523229
14556285
14568101
1459454
14597205
14701680
14718563
14731391
14738884
1480489
14982956
15013812
15075295
15079076
15121905
15128656
15128669
15148389
15202999
15207730
15231738
15254275
15278452
1533042
15330865
15340490
15341741
15345045
15371353
1546296
15470419
1547493
15479229
1547943
15485919
15511639
15525530
15668164
15690032
15728670
15737936
15750188
15753212
15753213
1576969
15777699
15793007
15795372
158
15817225
15831751
15870192
15870289
15879554
15882587
15893980
15901661
15901665
15930118
15939231
15975935
15975941
16025347
16026969
16120280
16155187
1617730
16207753
16249329
16259974
16261625
16272418
16275038
16277982
16314318
16325168
16339902
16343659
16403493
1640455
16409378
1644293
16455308
16477641
1648449
16503100
16533912
1653701
1655572
1655573
16595131
16672345
16713132
1671661
1671662
1672661
16730345
16733548
1673656
16740481
16814723
16815386
1683715
1687458
1687459
16882722
16914497
16962096
16973896
17011166
17084833
17092951
17094800
17098220
17105353
17108002
17113384
17126316
17174297
17179088
17194628
17201773
17207870
17224261
17296729
17322397
17322403
17329358
17329368
17360441
17360774
17371844
17381512
17417793
17418114
17433632
17456006
17462750
17498683
17511863
17535248
17555964
17610966
17632547
17640629
17652079
1765265
1768620
17765686
17855427
17869239
17884338
17888422
17908931
17936744
18003742
18068697
18083159
18086699
18181151
18194655
18214532
1821846
18234213
18321764
18394895
18395996
18472003
18506030
1851122
18585374
18606221
18621688
18627097
18653560
18656533
18694568
18724934
18760387
18772429
18773886
18931655
18978017
18986212
1898764
18992257
1900954
1902784
1902805
1903838
19056518
1905819
19062282
1907377
1907913
1908769
19100727
19150446
19168633
19217429
19232522
19268449
19282966
19340940
19389369
19496840
19500564
19641625
19652700
1968224
1969795
19718746
19742310
1976571
1979031
1979945
19799999
1982071
19829381
1985916
19890324
19893611
19948883
1995417
20002224
20010841
2001679
20019281
20026207
20056681
20082086
2010085
20171201
20230745
2026328
20347970
20364351
20403347
20435028
20457811
20478292
20504768
20512118
20520827
20551440
20580700
20617173
20621708
20637846
2065664
20668662
20671200
20726908
20727877
20736287
20797865
20808951
20876645
2100260
2104658
2105454
2109695
2110923
2113880
2113881
21148185
2114978
2120114
21238929
2124974
2125114
21315151
21320482
21383317
21399984
2140105
21497759
215114
21541324
21644243
21715425
21720363
21762412
21807095
21809435
21821017
21825127
21865322
21870250
22005458
22005665
22028675
22033538
22037703
22051777
2208281
22101416
22114190
22115527
22174086
22178246
22231485
22267917
22304916
22307950
22318630
22378636
22412381
22425977
22438572
22499593
22513375
22537495
22537497
22541432
22691242
22814213
2318884
2328832
2370868
2423251
2471067
2478402
2499492
2501149
2501151
2502714
2503829
2504583
25071
2507923
2509261
2511050
2521839
2557338
2567637
2569362
2571934
2573829
2583107
2606344
2612903
2720776
2743979
2781290
2792089
2792757
2797150
2834202
2846287
2895896
2897241
2897243
2903553
2904838
2905442
2905685
2911348
2975615
3004963
3011424
3046753
3080247
3099170
3117373
3123324
3131017
3142764
3145199
3159479
3215512
3356339
3362860
3685975
3935327
4028160
4326236
6537904
6722872
7489720
7505569
7516894
7547478
7555708
7555732
7567454
7567459
7590238
7600959
7600980
7600986
7600992
7607084
7617036
7635058
7649474
7664336
7671793
7700229
7711745
7713429
7713432
7720712
7748791
7751926
7781065
7783195
7789769
7791801
7821224
7821226
7848871
7854318
7859741
7873402
7905482
7906203
7906390
7910795
7915131
7915199
7923935
7926771
7958878
7984422
8007953
8062827
8065369
8068548
8078474
8082742
8093616
8094700
8096172
8096812
8096813
8100764
8104141
8119127
8125300
8127364
8164672
8167377
8186146
8187633
8199047
8200478
8207445
8218421
8264640
8293980
8327503
8330529
8344257
8355700
8355717
8404526
8404855
8405675
8408299
8430097
8443106
8453668
8458580
8462751
8474442
8494768
8524261
8543159
8543160
8557043
8562425
8565819
8582269
8582298
8582299
8598298
8601485
8608596
8617243
8620542
8620846
8626035
8657157
8660878
8662923
8674417
8700202
8710511
8774450
8787744
8798148
8887679
8951796
8954742
9001253
9012536
9016631
9034334
9043065
9053307
9106163
9150256
9155027
9155029
9165123
9199302
9211899
9223257
9230443
9232593
9250684
9311990
9331990
9334278
9362473
9374395
9376314
9405369
9409684
9431808
9431812
9431813
9450935
9463385
9466931
9491376
9502727
9507113
9622621
9634487
9649507
9651493
9665883
9676198
9694800
9716538
9716725
9748283
9753673
9755176
9819059
9819433
9832510
9840810
9847251
9858703
9858707
9869643
9882489
9892673
