24185510
25184630
14645423
238900088
23610116
16638875
21191045
21380780
22025146
23960073
22507781
23558953
22649144
23775962
22241789
23131561
19029981
24162815
21107682
22440753
23418312
22426462
20505189
21273588
24163374
18559612
22743296
20733134
24055055
22621641
19726788
20609468
23237741
24491302
21859989
24625776
19778842
23312829
18483379
16409295
20619739
23639470
18390968
24553387
20861909
23352126
18805579
21689725
25366685
23094721
23414587
21470995
22896685
22952903
22261807
23908597
23220880
23619167
21456006
23582185
22908275
21673091
19204207
23012248
23023262
23539443
22729845
20142587
23245996
22510873
15758010
23535073
24622468
24619500
23406027
21562040
16857985
25096233
24509877
22328973
22025331
21179087
22850551
18047674
21575865
23470635
22734028
23569312
23085766
16843263
24934779
23149070
24356817
24569783
23950206
24458568
23656643
23724914
22351686
18936790
20406929
22653968
23960094
23033986
21741596
22356324
22471707
22586683
24758297
22586120
22418700
18421059
23129625
22733540
22649091
19398573
23533264
23533265
22277784
16624552
23275151
21383288
23039341
19573811
24691995
20818844
21468130
25416950
22614881
24107445
20979472
21135251
22422826
15950068
19331127
22985491
20372153
20360610
22805292
18971950
23444215
23551093
23002168
18701506
12517791
22162573
24556366
24222661
23288408
24398047
18955451
21289267
24569458
19018267
18955458
22425996
22389471
23614898
23493349
25366691
23583440
23934192
22169769
17259998
21156289
19840887
24132921
22904298
19165201
23584301
19461405
22683710
23658459
23582881
22270258
16775247
21317224
20975068
21964340
21907929
20526349
22345164
17311002
21189378
24444711
17611497
22753918
19549911
22101766
20921461
22885469
16278407
23995526
21835143
24631838
21764376
23578570
24185512
20861920
21984976
2260966
20609467
20871596
23248257
23001755
19726763
19726761
23761041
20048174
22808163
23375402
23589709
23166678
21862407
24345920
23786770
23538902
25228534
22068222
22392482
16091734
19010823
23840364
25125683
19541609
23475782
22072639
23612012
22025163
21575859
25082755
15472075
24687604
19718025
22290393
22253748
23287563
20065189
18794099
25239608
21969494
23238879
22711857
19010912
16397263
22932669
24265154
24265153
24265152
23056499
20541700
22302096
23136191
22897847
12660384
19962665
23213094
21632463
22588879
23134728
21515735
22772060
18397343
22327622
19318552
20609353
18794803
24448821
21558407
22406760
17664472
19451225
19553641
23489023
23221341
25079317
22898035
24576830
23430699
22899477
23084521
22662154
18986703
24327273
23558169
23391555
22270724
19246562
21998291
22864769
22711607
19861960
24045185
22210878
24045180
17804702
17080083
23737487
22015773
22504184
22844108
20944675
16282176
20970876
24869598
20003286
22745105
23515407
22705984
21525172
21690468
19861435
22042947
22955920
22773810
23969006
21642685
19671763
19671762
21163703
18483311
21274259
22829971
23544171
23696637
22722202
20404132
24875859
23102728
23715574
22038994
22038996
19809159
22392911
23878140
22798288
25186176
23613521
24563539
23327903
24947927
24336067
22119758
15201427
22997239
22718859
18552176
23779130
22261812
23632474
22368270
25074459
18794084
19059939
21148487
22761467
25295501
21788564
22875628
22238366
22586653
22238368
22923433
23548269
21889194
20453058
17177598
12525520
22336586
22325357
24124571
22271473
19602588
18829560
20439987
23200321
20978259
19223544
22399013
19915144
21725359
23348520
25294897
22417203
23680147
23274911
25035393
15618474
23393200
24024839
22805104
21368834
25409150
23569304
22389870
16834459
21325073
24687827
22608338
24687822
24934408
16688224
17483355
23430109
22927055
21464312
19389879
22869148
22190593
20944090
22327624
24366379
23325582
21737509
24670165