10021349
10021368
10021370
10022817
10022820
10022909
10022980
10023090
10023777
10023782
10024132
10026224
10028286
10036186
10036188
10036977
10037502
10037736
10037775
10037816
10049528
10049565
10049566
10049570
10049581
10049582
10049584
10049588
10049592
10049595
10049693
10049694
10049711
10049735
10049781
10049784
10050855
10051191
10051314
10051315
10051316
10051327
10051329
10051332
10051333
10051334
10051400
10051404
10051411
10051567
10051620
10051670
10052456
10053003
10064583
10064893
10064901
10066255
10066258
10066760
10066767
10066790
10066802
10067860
10068040
10068631
10069372
10070062
10072424
10072427
10072431
10072433
10072440
10072563
10072591
10072599
10072761
10072773
10072785
10072791
10073577
10074428
10075713
10075854
10075978
10077527
10077537
10077563
10077576
10077619
10079223
10079225
10079287
10080185
10080188
10081226
10082570
10082581
10085069
10085070
10085102
10085137
10085220
10086232
10086341
10086355
10086356
10086359
10087192
10087197
10087199
10087200
10087204
10087207
10087208
10087209
10087302
10087992
10090148
10092077
10092106
10092111
10092119
10092504
10092511
10092534
10092583
10092602
10092765
10092850
10092852
10094461
10094812
10094931
10095063
10095068
10095098
10095122
10096065
10097068
10097103
10097123
10097128
10097140
10097150
10098881
10100624
10101119
10101234
10101267
10102277
10103025
10187770
10187771
10187812
10187815
10191088
10191092
10191100
10191271
10191295
10191308
10192391
10192392
10192397
10192398
10195181
10195194
10195895
10195896
10196204
10196250
10196368
10196374
10196477
10197430
10197582
10197587
10197594
10198118
10198162
10198177
10198179
10199399
10199917
10199918
10199925
10200259
10200314
10200322
10201374
10201375
10201988
10202153
10202156
10203277
10203790
10204490
10206945
10206947
10206991
10207017
10207026
10207085
10207097
10207104
10207163
10208746
10208750
10209036
10209270
10211776
10213081
10213386
10213691
10216252
10217254
10218586
10219237
10219239
10219241
10220276
10220376
10220414
10220430
10220558
10220587
10222192
10222226
10224133
10224143
10224267
10225417
10225435
10225957
10225958
10227293
10227294
10227980
10228029
10228161
10229231
10229796
10229797
10229828
10231559
10231568
10231569
10232589
10233703
10234000
10235109
10235110
10235259
10318827
10318831
10318835
10318868
10318933
10319019
10319321
10319581
10319820
10319865
10321731
10321732
10322449
10322635
10328927
10328938
10328999
10329004
10329009
10329394
10329453
10329455
10329646
10329662
10329667
10329693
10329696
10330110
10330122
10330123
10330132
10330178
10330184
10330192
10330412
10330415
10330503
10331425
10331427
10331944
10331946
10331947
10331952
10335655
10336432
10336468
10337613
10337614
10337621
10337625
10337626
10338135
10338144
10338499
10339406
10339589
10340910
10341029
10341084
10341096
10341098
10342810
10342878
10343284
10344755
10346978
10347188
10347194
10347202
10348342
10349621
10349626
10349636
10350628
10350641
10352232
10353602
10353873
10353911
10354553
10356294
10356395
10357812
10358046
10358057
10358101
10358136
10359578
10359581
10359701
10359840
10359848
10360839
10361692
10363996
10364228
10364231
10366444
10366447
10366448
10366627
10366710
10366851
10366853
10367884
10369256
10369267
10369680
10373015
10373324
10373331
10373455
10373468
10373470
10374067
10374907
10375459
10375616
10375619
10375635
10376525
10376601
10377137
10377398
10377413
10377453
10379359
10380693
10380712
10380882
10380922
10380929
10381338
10381383
10381553
10381566
10381567
10381568
10381575
10381579
10381580
10381882
10382756
10383128
10383386
10383420
10383425
10383648
10384036
10384038
10384052
10384053
10384057
10385526
10390521
10391211
10391218
10391904
10391924
10393183
10393247
10393421
10393429
10393435
10393836
10393935
10394363
10395326
10395541
10395668
10395801
10395802
10395806
10395895
10395906
10395907
10395914
10395919
10395934
10395961
10395968
10397750
10398046
10398531
10398684
10400672
10400677
10400986
10400995
10402197
10402672
10403250
10403638
10403781
10403790
10403819
10403824
10404183
10406464
10406962
10407031
10407043
10409432
10409661
10409713
10410901
10411903
10411913
10412367
10413402
10415329
10415358
10416936
10419454
10419495
10419685
10419695
10421793
10421840
10421845
10422847
10424757
10426994
10427098
10427967
10428811
10428823
10428842
10429950
10429951
10430593
10430663
10430666
10431235
10431239
10431242
10431243
10431247
10431818
10431838
10432293
10432300
10432394
10433232
10433265
10433813
10433822
10433824
10433968
10434059
10435594
10436030
10436162
10436176
10438340
10438476
10438522
10438527
10438934
10438936
10438950
10439272
10440375
10441341
10441733
10441734
10441735
10441736
10441744
10442092
10443995
10444330
10444332
10444532
10444588
10444591
10445032
10446122
10446133
10446280
10446281
10446746
10447508
10448063
10448096
10449762
10449773
10449908
10449909
10449915
10449921
10451362
10452948
10453039
10453417
10454357
10455019
10455104
10455141
10455148
10455157
10455179
10456327
10456331
10456837
10457052
10458907
10458909
10458910
10458911
10460238
10460412
10460589
10461187
10464095
10464263
10464288
10464321
10469296
10469308
10469352
10469660
10471508
10471509
10471737
10471791
10471803
10471807
10471813
10472184
10473127
10473132
10473138
10473142
10473614
10473620
10477582
10479997
10480350
10480904
10480909
10481039
10481053
10482573
10484490
10485648
10485705
10486202
10486205
10486206
10486208
10486211
10486213
10486557
10488063
10488071
10488091
10488131
10488133
10489260
10490026
10490098
10490590
10490598
10490824
10491115
10491205
10491328
10493740
10493779
10493825
10493828
10493931
10493933
10495270
10495281
10495284
10495285
10497219
10497274
10497278
10497345
10500093
10500095
10500182
10500198
10500199
10500249
10500251
10500304
10501839
10501840
10501842
10501964
10501965
10501966
10501967
10501973
10501977
10501980
10504407
10504499
10506186
10506205
10508233
10508279
10508505
10508511
10508524
10508525
10508527
10508654
10508862
10508919
10510245
10510303
10512684
10514471
10515598
10516425
10516436
10516441
10517317
10517636
10518211
10518217
10518929
10518933
10520738
10520995
10521424
10521469
10521576
10521666
10523337
10523496
10524204
10524220
10524230
10524236
10524241
10525537
10526152
10526153
10526179
10528209
10529384
10531037
10531052
10531343
10531356
10531361
10534114
10534398
10534617
10534623
10535707
10535736
10536138
10537104
10537137
10537158
10542222
10542256
10542292
10542324
10542327
10542328
10542329
10542335
10544033
10544143
10544282
10545105
10545116
10545231
10545915
10548495
10548550
10549285
10549293
10550543
10551838
10551889
10552927
10553045
10555956
10556298
10556305
10556421
10556423
10556431
10557083
10557334
10559491
10559499
10559903
10560916
10562306
10562326
10564727
10564808
10564822
10565544
10567211
10567219
10567240
10567350
10567352
10567383
10567408
10567585
10568747
10570017
10570270
10570481
10570907
10570958
10570961
10571069
10571079
10572046
10574768
10574991
10575029
10575222
10575226
10578054
10578110
10580115
10580128
10580148
10580157
10581033
10581169
10581172
10581179
10581191
10581243
10581366
10581484
10582689
10585256
10585447
10585558
10585566
10585765
10585767
10585775
10585776
10585778
10585869
10586237
10587360
10588648
10588661
10588720
10588721
10588735
10588864
10589677
10590261
10591182
10591541
10593885
10593942
10593946
10593960
10594173
10594239
10594242
10597216
10597251
10597256
10597267
10597314
10597319
10598589
10600115
10600119
10600881
10601024
10601039
10601346
10601355
10602985
10602987
10602994
10602995
10602996
10602997
10606624
10606664
10606675
10607835
10607905
10607909
10608860
10608876
10609087
10610178
10610180
10610183
10610721
10610724
10610726
10610728
10610729
10610776
10611248
10611283
10611300
10611333
10611345
10611480
10612694
10612705
10613843
10613844
10613898
10613908
10614671
10615123
10615130
10615136
10615997
10616009
10617103
10617623
10618442
10618717
10619706
10620607
10623583
10623609
10623684
10623825
10624947
10624962
10625552
10625648
10625660
10625670
10627596
10629060
10629062
10630289
10630290
10630291
10632589
10632593
10636891
10637174
10639167
10639566
10640276
10640688
10640712
10640719
10640721
10640805
10640816
10640821
10640823
10642437
10642511
10644435
10644437
10644438
10644440
10644441
10644446
10644457
10644753
10644977
10645946
10645956
10646608
10647005
10647820
10647888
10648625
10648803
10650958
10652278
10652336
10652346
10652534
10652535
10653359
10654943
10655055
10655065
10655141
10655491
10655497
10655503
10655541
10656775
10657254
10657606
10657629
10657988
10660099
10662547
10662549
10662551
10662554
10662638
10662719
10662822
10666183
10666245
10666468
10668975
10669416
10669417
10669418
10669747
10669750
10671229
10671517
10671519
10671526
10672899
10673045
10673281
10673332
10673335
10673337
10673370
10674390
10675039
10675613
10675617
10676642
10677517
10679242
10679268
10679934
10681454
10681503
10681516
10681527
10683377
10683448
10684344
10684790
10684883
10686344
10686419
10686478
10686600
10686603
10686604
10686606
10686608
10686609
10686611
10686612
10686613
10686615
10686616
10686617
10686618
10686619
10687855
10688851
10689187
10689807
10690362
10692412
10692437
10692587
10693804
10693811
10694467
10694580
10697961
10698685
10698696
10698974
10699374
10699974
10700184
10700192
10700230
10700458
10700579
10702024
10702226
10702291
10702312
10702411
10702663
10702668
10702681
10704283
10704284
10704286
10704390
10704451
10704856
10704881
10706124
10706738
10707952
10708484
10708514
10708515
10708519
10708520
10708578
10708602
10708748
10709991
10710310
10712613
10713090
10713120
10713173
10713455
10713460
10713710
10714683
10714688
10716699
10716701
10716735
10717476
10717477
10717675
10719888
10719889
10721694
10721696
10721697
10721726
10722714
10722718
10722728
10722730
10722746
10722846
10722873
10723723
10723724
10723730
10725243
10725249
10725330
10727870
10727929
10729227
10731124
10733104
10733502
10733530
10733593
10733906
10734093
10734111
10734121
10734137
10734168
10734232
10734318
10736418
10737774
10737785
10737799
10737962
10737965
10738253
10739389
10739664
10744659
10744716
10744718
10744719
10744778
10745038
10745073
10747846
10747961
10748047
10748049
10748112
10748458
10749994
10751225
10751363
10751414
10751423
10753117
10753658
10753753
10753931
10753959
10754100
10754102
10755619
10756091
10756092
10756093
10756097
10760272
10760285
10760573
10760593
10760594
10760605
10760791
10761712
10761934
10763993
10764746
10764796
10765558
10766242
10766812
10766815
10766831
10767298
10767334
10767360
10767383
10767548
10767988
10769039
10770291
10770960
10772793
10772959
10773441
10773668
10773690
10774722
10775035
10775102
10775177
10775188
10775455
10777215
10777495
10777549
10777580
10777661
10777665
10779326
10779521
10779524
10780262
10780788
10780854
10781085
10781587
10781593
10781613
10781943
10781944
10781952
10781957
10781961
10782111
10783129
10783135
10783170
10783258
10786614
10786622
10786627
10786630
10786635
10786636
10786834
10786854
10788465
10788617
10790377
10790402
10790539
10790540
10791983
10794525
10798394
10798444
10799849
10800923
10801981
10802661
10802662
10803597
10803852
10804174
10804183
10804197
10804200
10805755
10805811
10806077
10806096
10806191
10806194
10806345
10806348
10806358
10806482
10807576
10807778
10808271
10810084
10811014
10811128
10811223
10811639
10811801
10811912
10814512
10814514
10814522
10814725
10815801
10816584
10817963
10818205
10818206
10819326
10819773
10821753
10821761
10821868
10822273
10823942
10824084
10824116
10824118
10825203
10827199
10828067
10828604
10828609
10828621
10828623
10828624
10829067
10829076
10831608
10831844
10833044
10833435
10833443
10833507
10834315
10835267
10835348
10835623
10837024
10837126
10837462
10837898
10837915
10839463
10839719
10842086
10842103
10842202
10843380
10843682
10843805
10843807
10844592
10845925
10846156
10847589
10848582
10851137
10851236
10852913
10854042
10854240
10854253
10854267
10854696
10854776
10855797
10856884
10857745
10857751
10857753
10858549
10858660
10859351
10859366
10860661
10860663
10860664
10860665
10860669
10860982
10861001
10861067
10861284
10861288
10862616
10863090
10864581
10864955
10866668
10866835
10867876
10869099
10869354
10871196
10871284
10871396
10871871
10872802
10872814
10872820
10872842
10873377
10873378
10873382
10873389
10873569
10873615
10873617
10873658
10876093
10878022
10878334
10878383
10878610
10878805
10880228
10880363
10880953
10881175
10882515
10882522
10882729
10885754
10886332
10887182
10888605
10889038
10889047
10889952
10890890
10890913
10891443
10892650
10892744
10894171
10894496
10894547
10894929
10894937
10894938
10894943
10896159
10898796
10899141
10899939
10900004
10900017
10900098
10902911
10903124
10903127
10903145
10903445
10903717
10903779
10903839
10903840
10903847
10903848
10906133
10906147
10906176
10906479
10907850
10908331
10910037
10910362
10911369
10913114
10913333
10915772
10917590
10918573
10918583
10920229
10920230
10920231
10920232
10920233
10920247
10921880
10921885
10922077
10922362
10922379
10924506
10926556
10930375
10930526
10931201
10931824
10932188
10932191
10933399
10933718
10934166
10934230
10934474
10935549
10935643
10936046
10936049
10936052
10936053
10938081
10938113
10938129
10940081
10940294
10940556
10940631
10940636
10940892
10941834
10941849
10942252
10943838
10944119
10944187
10945466
10945468
10945472
10945981
10946279
10947975
10948198
10949023
10949577
10950925
10950928
10950931
10951186
10951202
10951504
10951563
10953002
10954598
10954736
10956549
10956643
10958083
10958632
10958634
10958653
10958683
10958699
10960348
10960791
10961879
10962026
10962193
10963668
10963672
10964513
10964938
10964942
10964959
10965041
10965108
10965119
10965125
10965126
10965133
10965144
10965907
10966791
10967077
10967094
10967100
10967128
10967136
10967137
10967139
10969067
10969073
10969850
10970091
10970852
10973264
10973593
10974032
10974535
10974670
10978524
10978534
10978537
10980337
10980603
10981966
10982817
10982890
10984423
10984455
10984498
10984516
10985962
10986292
10988300
10992488
10993067
10993819
10993873
10993922
10995555
10995567
10995569
10995572
10995574
10995833
10996314
10996388
10998086
10998090
11000277
11001876
11001929
11003198
11003393
11003693
11003694
11003697
11003698
11003704
11003705
11004485
11004493
11004510
11004512
11004518
11006080
11006113
11006632
11007541
11007757
11008015
11010964
11010968
11011112
11013074
11013078
11013084
11013085
11015439
11015443
11015572
11016445
11016959
11016969
11017071
11017077
11017100
11017920
11018022
11018053
11018479
11020712
11021531
11022042
11023871
11025210
11025217
11025219
11025226
11025659
11025660
11027153
11027338
11027523
11027540
11027574
11027579
11027580
11027664
11027689
11028916
11029004
11029585
11029659
11030346
11030415
11030754
11032406
11032837
11034212
11034339
11034374
11034608
11036763
11040048
11040211
11042109
11042145
11042146
11042154
11042159
11042171
11042189
11042367
11044393
11044403
11044614
11044622
11046062
11050114
11050238
11050396
11053246
11054530
11054531
11054540
11054541
11054779
11056049
11056053
11056054
11056392
11056535
11058581
11058590
11060021
11060451
11060459
11062004
11062057
11062307
11062347
11062468
11062477
11062483
11062498
11062505
11062988
11063033
11063251
11063259
11063263
11063728
11067944
11070163
11070173
11070174
11071752
11071758
11071760
11071879
11071891
11072088
11072798
11073954
11074001
11076765
11076767
11076855
11078464
11078605
11080586
11080588
11081504
11081638
11082044
11084035
11084651
11085536
11085927
11085940
11085997
11086001
11086005
11086164
11086991
11087663
11087664
11087666
11087671
11087757
11087841
11087877
11089559
11090356
11090426
11091082
11092732
11092979
11093124
11094092
11094154
11094766
11096260
11098134
11099377
11099500
11100270
11100271
11101517
11101849
11101852
11104667
11104771
11105060
11105390
11106657
11108251
11108726
11108736
11109545
11110696
11111040
11111049
11111051
11112346
11112348
11112353
11112355
11112418
11113131
11113132
11113135
11113146
11113207
11114168
11114196
11114299
11114383
11114734
11116088
11116089
11116090
11116152
11118201
11118213
11118312
11118320
11118436
11118629
11118889
11118896
11118897
11120785
11121245
11121431
11123313
11123907
11124111
11124519
11124529
11124535
11124536
11124539
11124544
11124703
11130078
11130991
11132146
11133685
11134073
11134256
11134524
11135457
11136550
11136708
11138001
11138005
11138007
11138008
11138012
11139337
11144347
11145610
11146108
11146508
11147971
11149908
11150314
11150526
11151768
11152584
11152963
11156618
11156997
11157975
11158314
11158386
11159353
11159923
11160290
11160382
11161575
11161783
11161788
11161791
11161799
11161802
11161808
11162494
11162497
11162531
11162551
11162552
11162572
11163236
11163249
11163259
11165382
11165476
11165478
11165490
11165491
11165493
11166067
11166357
11167012
11167022
11170751
11171044
11171065
11171101
11171322
11171372
11171391
11171393
11171784
11172003
11172029
11172053
11178108
11178736
11178743
11178965
11179006
11179684
11179693
11180800
11181534
11181548
11181564
11185557
11188933
11196701
11196712
11197687
11197689
11197690
11201742
11204420
11207387
11207567
11208732
11210178
11210181
11210182
11210183
11210187
11210191
11210195
11212323
11214969
11217851
11217863
11221845
11222494
11223268
11223543
11224527
11226328
11226752
11230162
11230163
11230685
11231009
11231059
11231089
11231286
11231637
11233530
11234418
11237671
11237729
11237735
11238997
11239002
11239407
11241283
11242105
11242542
11243854
11243866
11245925
11246012
11247667
11247670
11250083
11252167
11252172
11252176
11254443
11254716
11255016
11257140
11257495
11257498
11259526
11259642
11259677
11260262
11261926
11261933
11262227
11262234
11262390
11263964
11263977
11263993
11265751
11265752
11265756
11266451
11266467
11267657
11267660
11267680
11271497
11273702
11274051
11274177
11274425
11278321
11278323
11278367
11278382
11278416
11278438
11278534
11278564
11278576
11278752
11278811
11278849
11278918
11278931
11278936
11279069
11279150
11279523
11279525
11280746
11280793
11283017
11283156
11283624
11284050
11285235
11285252
11286509
11287190
11287197
11287335
11290292
11290294
11290323
11290426
11290588
11290784
11292658
11294880
11297510
11297529
11298339
11298452
11298763
11299520
11306614
11306810
11306815
11306823
11309481
11309657
11309658
11309659
11309660
11309849
11309851
11311165
11311561
11311935
11313889
11318603
11318604
11318612
11319557
11322760
11322776
11322885
11323701
11325859
11326273
11327696
11327720
11328966
11329885
11331580
11331592
11331621
11331941
11331942
11331948
11335060
11335123
11335128
11336497
11336981
11337941
11340155
11341770
11342112
11342215
11342597
11342599
11345588
11345593
11350120
11350121
11350126
11352561
11352564
11352992
11353388
11353393
11353399
11353515
11353516
11353827
11355574
11356022
11356033
11356721
11356838
11358865
11358962
11359880
11360203
11361130
11368903
11369132
11369200
11371649
11373681
11374897
11374901
11375934
11376859
11378382
11381025
11381032
11381142
11386752
11386753
11386760
11387227
11387339
11389549
11390377
11390390
11390422
11390978
11390985
11395000
11395011
11397015
11398965
11399759
11401424
11401431
11401441
11401446
11401487
11401528
11402041
11403965
11404011
11404026
11404085
11404459
11406280
11408484
11409899
11410366
11413139
11414709
11414753
11414755
11414760
11414762
11414770
11415940
11415968
11415990
11416009
11416156
11416179
11416224
11416865
11418238
11418248
11418250
11418590
11420610
11420611
11420618
11420621
11424210
11425330
11427320
11427537
11431151
11431472
11431482
11431483
11431570
11431692
11432789
11432869
11433381
11435423
11435447
11435704
11438666
11438738
11438740
11439182
11441185
11443127
11443137
11443343
11444019
11447226
11447267
11448939
11450694
11451415
11453658
11454681
11454705
11454769
11454925
11455445
11457711
11459928
11459929
11461119
11462045
11463338
11463718
11466416
11466423
11466526
11466704
11467974
11470237
11470823
11470831
11471051
11471062
11471063
11472062
11472063
11472633
11472856
11473582
11473647
11474208
11474576
11475331
11477395
11477572
11478795
11478809
11479594
11481335
11482882
11483244
11483355
11483358
11483573
11485319
11486010
11486032
11487625
11487633
11488981
11489904
11489951
11489994
11493521
11493596
11493923
11498051
11498539
11500051
11500515
11500834
11500980
11501764
11502744
11504738
11504925
11507212
11509662
11513551
11514337
11514606
11517226
11517327
11518254
11518968
11520679
11520680
11522791
11523006
11524432
11525062
11525245
11526197
11526399
11526516
11526914
11527402
11527409
11527931
11528125
11528127
11528383
11528393
11529272
11529276
11529277
11529278
11531697
11532953
11532991
11535627
11535821
11543631
11543637
11544477
11544529
11546872
11549249
11549317
11551509
11551928
11551958
11555487
11557234
11557517
11557815
11557891
11561071
11562352
11562357
11562361
11564734
11564869
11564881
11566096
11567019
11567032
11568309
11571277
11572983
11574168
11574675
11574907
11578880
11579108
11580893
11581173
11584065
11586298
11587205
11591644
11591708
11592397
11592815
11592824
11595166
11595183
11595941
11597141
11597144
11597145
11598925
11599797
11602205
11602598
11602618
11602628
11607032
11641222
11668390
11668599
11668676
11668683
11672528
11673475
11673514
11673522
11673526
11674998
11675491
11677242
11679445
11679633
11682631
11683995
11683997
11687798
11687802
11688972
11689565
11691837
11694875
11697792
11698679
11701968
11704680
11704805
11706037
11707070
11707072
11707078
11707321
11707333
11707574
11707601
11707774
11709547
11711534
11713207
11714200
11714671
11714798
11714825
11714849
11714850
11716498
11716501
11717388
11719367
11723074
11725301
11726927
11727201
11728338
11728448
11729193
11731459
11731492
11731500
11733035
11733383
11735218
11735219
11735224
11735227
11738025
11738816
11738818
11739384
11739736
11739737
11740862
11741898
11743578
11744379
11744384
11744704
11746232
11747200
11748145
11748274
11749115
11749721
11750124
11751202
11751410
11751631
11751755
11751861
11753387
11754004
11754007
11754838
11756565
11756685
11761712
11761714
11764791
11773012
11773201
11773599
11773964
11777956
11779497
11779834
11780064
11781239
11781351
11781352
11782015
11782404
11782431
11783997
11784294
11784316
11788820
11790796
11791207
11791440
11792318
11792814
11792855
11793228
11796577
11796723
11798190
11802165
11802169
11802173
11804778
11804785
11805063
11805147
11807030
11807098
11807219
11809971
11810268
11812002
11813303
11814680
11818570
11820814
11823430
11823861
11826110
11826145
11827453
11827461
11829485
11829488
11829489
11829493
11829752
11832226
11834499
11835669
11836498
11836526
11836532
11836627
11836631
11839593
11839785
11839787
11839810
11839815
11842093
11842132
11845283
11850190
11850456
11850618
11850623
11850626
11853768
11854326
11854453
11854508
11856786
11856881
11856889
11857783
11857804
11857812
11857819
11862393
11862404
11862405
11862406
11863361
11863365
11863367
11863373
11864749
11867214
11867228
11867528
11867543
11869186
11869681
11871859
11872655
11872956
11874916
11875023
11875048
11875656
11876656
11877449
11880494
11880501
11881823
11884418
11884477
11888890
11889553
11889558
11890668
11891044
11891046
11891222
11893331
11893340
11893509
11893659
11894097
11895476
11896056
11900971
11900977
11904675
11906820
11907033
11909865
11909966
11911831
11912185
11912187
11913780
11919560
11919684
11920580
11922143
11923206
11923214
11924819
11926297
11929610
11929848
11930010
11933063
11937300
11937514
11937580
11940116
11941369
11943136
11943477
11943485
11944891
11944939
11944973
11944979
11948428
11948670
11950833
11952170
11953986
11955625
11956126
11956206
11956218
11958544
11959851
11959859
11960013
11960710
11964381
11965544
11967537
11967539
11970895
11971875
11972037
11973013
11973276
11973311
11973313
11978082
11978773
11978821
11978843
11978849
11979549
11980850
11980879
11980897
11981810
11983712
11984880
11988087
11991719
11991721
11991723
11991724
11994049
11994405
11994421
11997111
11997145
11997387
11997476
12000713
12004136
12006675
12010793
12010804
12010880
12016205
12016228
12016511
12019210
12019265
12019321
12021058
12023020
12023369
12024206
12032305
12032315
12032738
12034510
12036287
12036291
12036294
12036297
12036302
12036304
12036513
12037601
12037681
12038961
12039035
12039048
12040087
12042312
12042762
12044964
12045094
12045226
12045468
12049647
12051751
12054543
12054579
12054694
12055244
12056458
12056815
12058020
12058253
12058254
12060862
12061784
12062410
12062803
12062809
12063304
12063408
12065599
12067236
12070084
12070318
12070347
12070778
12071956
12072561
12075009
12075355
12076535
12077275
12077339
12077353
12079282
12079288
12079290
12079992
12080145
12080938
12081826
12082175
12084582
12086628
12089379
12093160
12093161
12093374
12093747
12097289
12098215
12100497
12101226
12106288
12107286
12107726
12108679
12110693
12111990
12112875
12114535
12115030
12115031
12115247
12115679
12117810
12118011
12118100
12119114
12119119
12119397
12119551
12121617
12121660
12122055
12123806
12123834
12124430
12124769
12124943
12124945
12127943
12128228
12133995
12135752
12137943
12138129
12138195
12139918
12140188
12140190
12140191
12140681
12141429
12141946
12142728
12145293
12145752
12145808
12147261
12149282
12149401
12149518
12151104
12151215
12151532
12152619
12154095
12160726
12160731
12160738
12161465
12164921
12165571
12167161
12169584
12169628
12174196
12175488
12175905
12176035
12176933
12183386
12184814
12185099
12185457
12185459
12185601
12186855
12186888
12186974
12189154
12189167
12193403
12193705
12196292
12202954
12203913
12203915
12203917
12207892
12207903
12208521
12208767
12209023
12210517
12213196
12213197
12213202
12214279
12215457
12215486
12217924
12217951
12218182
12218411
12220507
12220514
12221002
12221093
12222967
12226705
12226706
12226710
12228223
12235209
12239140
12242009
12242647
12242664
12242666
12244319
12270940
12297108
12297269
12351186
12351199
12351700
12354396
12355089
12356727
12356734
12359334
12359743
12360413
12361600
12361953
12364322
12364608
12367519
12368292
12368914
12369778
12370279
12370310
12370315
12370360
12370402
12370446
12372258
12372280
12372301
12374769
12374787
12376090
12376098
12376355
12376397
12376544
12376703
12379639
12383500
12383505
12384430
12384500
12384506
12384788
12386337
12386807
12388728
12388777
12388789
12391304
12392169
12393497
12393599
12394184
12394278
12395386
12396730
12397177
12397184
12399109
12399393
12399446
12401793
12403705
12403827
12405956
12406577
12406855
12406883
12407145
12408961
12408962
12408966
12410312
12411446
12411489
12412021
12414519
12414724
12417738
12417927
12419228
12419256
12419312
12420295
12421721
12421923
12426389
12427847
12427867
12434152
12434155
12434333
12434335
12435366
12437987
12438415
12438441
12438443
12438746
12439290
12439655
12441289
12441295
12441343
12441405
12444059
12446702
12446734
12446744
12446778
12446811
12446833
12448766
12450124
12450796
12451109
12454018
12454078
12454846
12456725
12456959
12459252
12459264
12459269
12460189
12461645
12461646
12461647
12461651
12464021
12465884
12466268
12466296
12466566
12466851
12466854
12470976
12471058
12471061
12473664
12473676
12475631
12475886
12475938
12477808
12477932
12481031
12481295
12481297
12481300
12483210
12483526
12486168
12488094
12488360
12490196
12493010
12496367
12498782
12502510
12504561
12504848
12504854
12504857
12504858
12506099
12511604
12511643
12514187
12514215
12515852
12516547
12517788
12519776
12520087
12525887
12527205
12527898
12528182
12532265
12532266
12533510
12533791
12533792
12533796
12534938
12538434
12539044
12539046
12540776
12544825
12545163
12547228
12548285
12548288
12548562
12552099
12554648
12555678
12556533
12557054
12559566
12560079
12562771
12562828
12566317
12566447
12568393
12568724
12569160
12569417
12573256
12573259
12576479
12578558
12583998
12584248
12584609
12588793
12588798
12588951
12589770
12590134
12590734
12591164
12591167
12594045
12594244
12594249
12595588
12595899
12596929
12601167
12604248
12606357
12606363
12609607
12610305
12610306
12617721
12617826
12617994
12618525
12618864
12618911
12620187
12620390
12620974
12620990
12623879
12624257
12624426
12626511
12627228
12629050
12633874
12634303
12638133
12640130
12642485
12642876
12644183
12644598
12647241
12648487
12648492
12648495
12649326
12651114
12651156
12651873
12653961
12654293
12654299
12654824
12657702
12659663
12659812
12659813
12659817
12663500
12663540
12663541
12663542
12665856
12666198
12667455
12670909
12670997
12671053
12676565
12676567
12679098
12679517
12679530
12681499
12682774
12682777
12683974
12684778
12686506
12689335
12690469
12692538
12693553
12695509
12696059
12697692
12697907
12700166
12700171
12700194
12700595
12702645
12705872
12706885
12706902
12712191
12713579
12714037
12714586
12714744
12715246
12719380
12721631
12724418
12724644
12727230
12727441
12728256
12734177
12734386
12736163
12736248
12736707
12738669
12738806
12738888
12740392
12740444
12746468
12746874
12746919
12748187
12750384
12750472
12753747
12753872
12754212
12758122
12758124
12759359
12759362
12759363
12759458
12760743
12761289
12761297
12761301
12761567
12765967
12765969
12766041
12766169
12766770
12766798
12771153
12771187
12773384
12773569
12774123
12775719
12775772
12782126
12782128
12782129
12782130
12782311
12782578
12783884
12787123
12787557
12787566
12791695
12794064
12794091
12794114
12794840
12796502
1279667
12796776
12796779
12799367
12801914
12801916
12801924
12802058
12802202
12802337
1280328
12805412
12805562
12809674
12809675
12810106
12810825
12812529
12812753
12813048
1281307
12815056
12816872
12818165
12818166
12819128
12819135
12819136
12819140
12819141
12819142
12819144
12819200
12819203
12821668
12824080
12824221
12832401
12832409
12832636
12833159
12834871
12835312
12835326
12837264
12837688
12837957
12838346
12839623
12839991
12842817
12843282
12843293
12847143
12849746
12851218
12851707
12851729
12852851
12853143
12855593
12855677
12855751
12856282
12856283
12856285
12857750
12857946
12858173
12859672
12859965
12860530
12867411
12869418
12871637
12871640
12872122
12872133
12872245
12874213
12874793
12879358
12882814
12887896
12889070
12890477
12890732
12895417
12897128
12897189
12904474
12904573
12904583
12906858
12906861
12907652
12909344
12909348
12909363
12909716
12910265
12910270
12911005
12912983
12915310
12915443
12920180
12920233
12920234
12920489
12923568
12925734
12925852
12925853
12927779
12929090
12930721
12930754
12930842
12931787
12932328
12933806
12937168
12939278
12939639
12941270
12941630
12941816
12947200
12949731
12951573
12954732
12954777
12955145
12958152
12958690
12959927
12959965
12960172
12960309
12963707
12964006
12965203
12965206
12965213
12967986
1296816
12968670
12970338
12971897
12971999
12975322
12975471
12975523
1312220
1327010
1330878
1333503
1334548
1334963
1335744
1339347
1339381
1340466
1348026
1358459
1358795
1359541
1372276
1373330
1373816
1375756
1379240
1385406
1387611
14170406
1418997
1429684
1432098
14499263
14499433
14500363
14500378
14500689
14500813
14502570
14502577
14504409
14506126
14506234
14506275
14512293
14513297
14516655
14516663
14516668
14516692
14517263
14517284
14519200
14522256
14523385
14523387
14525956
14525987
14527721
14530391
14531729
14532993
14534160
14534547
14550283
14550528
14550773
14550776
14556008
14557257
14557652
14559211
14561872
14562055
14562056
14565865
14567997
14568387
14569117
14571131
14571134
14572310
14572465
14572467
14573622
14575301
14577615
14583620
14583634
14585496
14585507
14585816
14585959
14586011
14586460
14592843
14592969
1459361
14594953
14597572
14603322
14607844
14611804
14611805
14613977
14614825
14617511
14621295
14623103
14623885
14623907
14625080
14625089
14625281
14627546
14630516
14630615
14633735
14634025
14634110
14634206
14634207
14634618
14634619
14634621
14634625
14635793
14636554
14636993
14637162
14637165
14638676
14640981
14643017
14643120
14643686
14645126
14645204
14645497
14647293
14647991
14648838
14648848
14648851
14651920
14654243
14654789
14655014
14656221
14656720
14657239
14657504
14659016
14659875
14659886
14660436
14660641
14662855
14664706
14664809
14664818
14665639
14667573
14667578
14667815
14667816
14667817
14667822
14667842
14668238
14668488
14672974
14673161
14675769
14676205
14676822
14678827
14678832
14678835
14678836
14681012
14684739
14684871
14686896
14688233
14688250
1469049
14690606
14691112
14691152
14691545
14693377
14694904
14694905
14695884
14697507
14697510
14697511
14697522
14697523
14699058
14701734
14704853
14706336
14706451
14706625
14706825
14706829
14707091
14707119
14707132
14709716
14711820
14715272
14715930
14716005
14717328
14718383
14718386
14718547
14718568
14719143
14720502
14720505
14721776
14722723
14723793
14724137
14724584
14724735
14727142
14729055
14729062
14729962
14730319
14731449
14731949
14732166
14732489
14732490
14736876
14738763
14739280
14739326
14741369
14742713
14744868
14745963
14746906
14750955
14750979
14757431
14757845
14759511
14765194
14768054
14770295
1495975
14960280
14960365
14962803
14966277
14966425
14975727
14975762
14980505
14980513
14981085
14981236
14985102
14985445
14988015
14988505
14992713
14993594
14996434
15001573
15001576
15001781
15003117
15007068
15010812
15018813
15019986
15019995
15021913
15024388
15024750
15028286
15028288
15028294
15028672
15028767
15031101
15031288
15037617
15038791
15044455
15044690
15047701
15051883
15053978
15058382
15058383
15059139
15060002
15060003
15063784
15064240
15064728
15065000
15068970
15069589
15070402
15070898
15071095
15071116
15081372
1508193
15085178
15086519
15087120
15087125
15087128
15087446
15093543
15094197
15094999
15096476
15096574
15100296
15100712
15102087
15102943
15105437
15108322
15108323
15112102
15112107
15116101
15118098
15121216
15122917
15123727
15124103
15128046
15129273
15130768
15132161
15134344
15138637
15143214
15145061
15145825
15146185
15147942
15148396
15148410
15150159
15152008
15153109
15153499
15155745
15157736
15157743
15158073
15162516
15167709
15169610
15169884
15170222
15175151
15177555
15177566
15177568
15177571
15178406
15181539
15182178
15183307
15183315
15184081
15185077
15187158
15188429
15192120
15194196
15197169
15200409
15201216
15202009
15202010
15203200
15203201
15203203
15203212
15203214
15203217
15207008
15208665
15210844
15218265
15220348
15220349
15220920
15225881
15229288
15233988
15233997
15234001
15234002
15234981
15235601
15236666
15238421
15239668
15240799
15247229
1524826
15249228
15252046
15253934
15255972
15256252
15256496
15256509
15256537
15261838
15263099
15265922
15276214
15280373
15284223
15289607
15289880
15289881
15292197
15292367
15293213
15294143
15302849
15302918
15303968
15310658
15313612
15314181
15317747
15319436
15322095
15322101
15322135
15327992
15328353
15331434
1533641
15336958
15337775
15340157
15342797
15351514
15351786
15351845
15357420
15358670
15358783
15363845
15363853
15363888
15363889
15364901
15366017
15367658
15367660
15367666
15368084
15376323
15376329
15378297
15379903
15381061
15383530
15383531
15385169
15385962
15388334
15389287
15461667
15464228
15465484
15465492
15465500
15466485
15466892
15467718
15467828
15470637
15474011
15474363
15475116
15475251
15475261
15475267
15477360
15485661
15492011
15492238
15494476
15496415
15496829
15499407
15504353
15509778
15520277
15520314
15526165
15527760
15528197
1552844
15531368
15536082
15537391
15538371
15540117
15541636
15542851
15546919
15556296
15563274
15563450
15563848
15564382
15567149
15567723
15571813
15572693
15576407
15582586
15582606
15583837
15588578
15596140
15601824
15601861
15605373
15607403
15608191
15608642
15609043
15611625
15611643
15613475
15614286
15620708
15623751
15629131
15630085
15632077
15635449
15640362
15644333
15644441
15647285
15650876
15652350
1565476
15661651
15665001
15668256
15672594
15673606
15674375
15676076
15676279
15681436
15686477
15687484
15687497
15689628
15699330
15699353
15701647
15702247
15707895
15716059
15716091
15716352
15717926
15718104
15722552
15728249
15729333
15729571
15737651
15738394
15749703
15752747
15755741
15756417
15757516
15757906
15758046
15760304
15767686
15769548
1577494
15776420
15777626
15777695
15777716
15780750
15780755
15781341
15788404
15793581
15798186
15798203
15805310
15809071
15809095
15810880
15811708
15814898
15815631
15815692
1581629
15820304
15826934
15834955
15836623
15838632
15843399
15843405
15843621
15845401
15845749
15851553
15854041
15855039
15858067
15861462
15866882
15882442
15885501
15886333
15890347
15895088
15897264
15899900
15905963
15907208
15911876
15911881
15922553
15932878
15934926
15936721
15938716
15948177
15951441
15958283
15971274
15976441
15978090
15978751
15979255
15987751
15999398
16002733
16005164
16006652
16014383
16018771
16023745
16024787
16027110
16027444
16033865
16036223
16051233
16054448
16055087
16055734
16075061
16082336
16084644
16086688
16093549
16093683
16094489
16098142
16098148
16099729
16103133
16107206
16107646
16108006
16112838
16115860
16116171
16121196
16121213
16125675
16126904
16132694
1613466
16139472
16139965
16143319
16144631
16149065
16151694
16158046
16162815
16171775
16174781
16185820
16188880
16191478
16195354
16199532
16200078
1620067
16201233
1620548
1620553
16208538
16210453
16210630
16219036
16222052
16223778
16226035
16226406
16227612
16229975
16236524
16237116
16237665
16243035
16243036
16245330
16249884
16251721
16254322
16260502
16261418
16262699
16263223
16277747
16280085
1628631
16289584
16307171
16309881
16311015
1631115
16316988
16326147
16330710
16330764
16337772
16339511
16343427
16354937
16356265
16357058
16359841
16368785
16371023
16376499
16378758
16380119
16387874
1638986
1639379
16405874
16406282
16408247
16412590
16414017
16415886
16416088
16425036
16430885
16434402
16436189
16439204
1644289
16444712
16459056
16460286
1646080
16462742
16462750
16465597
16467129
16477651
16482403
16484617
1648733
16493087
16493498
1649455
16495444
16496311
16507151
16507880
16508009
16516160
16517606
16518686
16519878
16522745
16525024
16527258
16527816
16537907
16542671
16545529
16546155
16571721
16575885
16579849
16581057
16585564
16587815
1659395
16596241
16596637
16621800
16622424
16628014
16629596
16631416
16638571
16652364
16684535
16697553
16707115
16708114
16713414
16713953
16713980
16715125
16715502
16723519
16728723
1674733
16750881
16751398
16751419
16753280
16756961
16762803
16765103
16766679
16766680
1676894
16774987
1677593
16782067
16782708
16785313
16785533
16790366
16793654
16794255
16799992
16800724
16800892
16804542
16804880
16806803
16807365
16807746
16814752
16824806
16828749
16831425
16831889
16839876
16839877
16845472
16845474
16847751
16850184
16854976
16859840
16860792
16862160
16869982
16874310
16875316
16876785
16881047
16881060
16882971
16897339
1690126
16901643
16908976
1691707
16919419
16926294
16930550
16938360
16939003
16940157
16940431
16949250
16960811
16962829
16963447
16966319
16973413
16982049
16982180
16989953
16990260
16990268
16990513
16996696
1699942
17014736
1702379
17024130
17027923
17028856
17030617
17034053
17034760
17045962
17049805
17051481
1708124
17081266
17086185
1709129
17094440
1710219
1711218
17112342
17114464
1711497
1711568
17115888
17116230
17116327
17116739
17118936
1713249
17159910
17170753
17174013
17179051
17182601
17182612
17186462
1718647
17192267
17192404
17196196
17196583
17197561
17201934
17207287
1720740
17210241
17211478
17215451
17222062
17223109
17227220
17233888
17237411
1723852
17250610
17259645
17261847
17273929
17293595
17307970
17309606
17312006
17312020
17320102
17322884
17327222
17334393
17335777
17337453
17342726
17350798
17351108
17356879
17362354
17369251
17369844
17371164
17382427
17384025
17384027
17404289
17406091
174092
17410201
1741163
17433819
17433858
17456791
17462724
17475928
17476555
17483418
17486412
1748678
17499049
17500065
17503775
17507649
17511619
17512142
17514357
17515607
17540904
17543387
17543594
17549450
17551771
17553482
17554337
17554764
17569777
17569887
17576135
17589504
17591625
17595344
17595448
17597519
17598916
17606467
17606630
1761056
17610818
17615407
17616727
17618857
17619104
17623775
17641813
1765104
17659694
17662950
17668377
17689486
17707117
17707622
17709541
17714910
17717065
17720922
17726538
17761393
17851470
17869247
17884746
17893151
17911046
17913455
17919174
17922105
17932328
17933965
17935991
17940217
17942483
17953485
17955335
17961552
17962191
17969459
17972876
17975676
17983582
17984326
17990269
17996375
18022353
18029555
18045541
18046012
18048852
18056438
18058912
18077508
18084289
18084302
18094254
18156182
18159948
18160536
18167345
18175213
18177347
18178576
18189309
18190528
18196517
18196598
18198358
18212630
18215733
18216495
18227763
18253507
1826763
18268037
18269759
18271920
18280008
18285563
18285828
18291621
18297755
18300945
18303114
18305242
18311719
18324622
18329372
18337413
18341998
18346281
1835668
18363199
18365019
18369453
18375752
18387948
1840504
18408721
18410407
18421008
18421376
18424450
18437264
18454149
18454451
18456734
18465787
18483774
18492766
18522874
18523434
18538142
18557763
18559850
18583474
18587395
1859377
18597946
18601518
1860835
18612077
18650334
18656452
18662770
18663089
18675896
18682727
18684012
18695242
18701071
18706558
18715506
18715980
18721477
1872844
18757940
18760506
18762567
18772262
1878135
18804071
1880421
18809908
18832682
18855897
18923155
18925637
18929642
18930059
18940310
18951897
18974039
18986511
1898873
19013281
19015917
1902986
19041763
19052635
19066434
19070576
19075182
1908029
1908076
1909739
1910686
19133679
19150487
19168137
19168544
19177150
19186165
19218603
19233202
1924327
19248165
19270708
19284652
19286635
19297026
19298661
19325000
19339711
19351399
19376971
19410631
19411759
19415626
19417012
19426526
19428549
19439493
19457099
19465912
19474811
19489740
19503083
19505954
19516020
19524514
19524524
19540319
19548035
19551815
19568742
19571816
19574395
19574546
19580802
19603510
19614604
19617637
19635809
19638644
19640479
19653325
19654412
19657017
1966045
19679103
19679512
19679561
19686734
19699717
1971214
19718027
19721712
19723502
19733073
1975515
19766595
19776389
1980600
19819973
19823578
19833869
19846887
19857465
1986360
19878653
1988543
19906976
19914182
1991447
19924295
19934005
19940141
19948109
19955657
19956646
19996321
20003482
20005200
20008104
20031637
2005901
20097878
20106867
20118242
20142330
20150535
20153842
2016041
20172968
20179099
20185797
20195247
20206252
20215401
20219994
20228063
2025425
20303398
2030730
20347813
20356838
20378533
20398886
20404099
20417623
2042971
20506101
20506501
20506548
20516191
2055113
20554752
20573212
20581170
2059434
20596027
20597988
20598663
20600924
20616315
20621059
20633051
20637182
20650958
20673990
20704721
20705279
20705924
20708616
2071039
20711465
20713727
20729851
20808828
20808945
20829066
20844123
20853428
20861861
20877696
20931200
20940352
20959797
20972423
20976249
20978073
20978138
21029862
21040852
21061374
21072176
21076617
21080280
21089073
21092859
21093319
21111823
21118898
21119595
21126233
21130004
21147852
2115126
2115167
21153307
21177646
21179397
21183592
2120242
21212186
21214893
21217009
21237165
21237170
21245842
2125367
21273403
21276448
21282721
21290301
21305688
21324897
21339736
21356515
21368377
21376255
21388952
21402173
21408016
21412408
21423180
21429970
21441442
21442721
21467199
21494637
21504042
21538807
21538809
21555070
21555854
2155783
21559415
21576366
21576819
21605550
21606508
21606595
21654748
21655088
21685914
21688198
21695125
21732193
2174398
21752789
21769484
21769671
21786402
21787330
21787333
21812758
21840390
21853097
21864449
2188672
21908619
21911492
21952241
21966279
21969575
21983963
21988915
21998080
22002055
22020981
22027834
22028467
22028627
22028674
22029574
22069237
22078886
22096018
22144677
22155607
22174151
22214848
22233545
22234937
22258617
22265417
22275362
22304922
2230651
22310717
22323644
22366036
22421044
22421045
22439936
22455839
2247090
22483803
2249786
2250030
22521462
22522610
22539795
22541436
22547694
22558260
22564414
22570807
22578502
22581779
225862
22595876
22621904
22624050
22638549
22653055
22673506
22678282
22697126
22722858
22723554
2272667
22734004
22735742
22745317
22764128
22772436
22809513
22813866
22884873
22887772
22921202
22926222
22939713
22961620
22964416
22972902
22997133
23055939
23063127
23094077
23095746
23141534
23184664
23239537
23269246
23281269
23307870
23349075
23369715
23382207
23408898
23441200
23453967
23500447
2350785
23617465
23676464
2374694
2383398
2409077
2441874
2454862
2477366
2477484
2480785
2501787
2502718
2507296
2538760
2561974
2579825
2598264
2598500
2598922
2647744
2648130
2649248
2660365
2697681
2739739
2747639
2780558
2789292
2790033
2813374
2828164
2846185
2885744
2886976
2960971
2964908
2986015
2998037
3000867
3014784
3023821
3027355
3029873
3032456
3053686
3053904
3096579
3114745
3133119
3153461
3180222
3202874
3209064
3258191
3260351
3335026
3336363
3352610
3353717
3370672
3464966
3481036
3502973
3520336
3562244
3571949
3589669
3627430
3681977
3785200
3839797
3840480
3859868
3862102
3906410
3909943
4007963
4011431
4075955
4120886
4747553
4761365
4942892
5289032
5556347
6099394
6167269
6185614
6281786
6289866
6314253
6320011
6419128
6420069
6468928
6547997
6583704
6606670
6776226
6783961
6792316
6893015
6948298
6964392
6968091
7035547
7286610
7327391
7332926
7344126
7474134
7478529
7478548
7479731
7479755
7481760
7482767
7482790
7489711
7490767
7491952
7492609
7493928
7495785
7499242
7499250
7500386
7507079
7508121
7511815
7512350
7513012
7514534
7515187
7515712
7517009
7517938
7518790
7522010
7522621
7522969
7522971
7523363
7523567
7524627
7524912
7525406
7526206
7528109
7529810
7529811
7530141
7530142
7530144
7530148
7531445
7531640
7531988
7532684
7533261
7537238
7538908
7540170
7542213
7543104
7544870
7545930
7546843
7548840
7553862
7557441
7563129
7565861
7566150
7566181
7568171
7574488
7575488
7576662
7577669
7578682
7578697
7579524
7579525
7579884
7579892
7580148
7581438
7585937
7588067
7589800
7590749
7590750
7592575
7592717
7592795
7592916
7594455
7596363
7597092
7598809
7601114
7601471
7605627
7609620
7613029
7615566
7616504
7621988
7622488
7626882
7627093
7637590
7638225
7639738
7643388
7646429
7647458
7647473
7651410
7656593
7656991
7657131
7658156
7660125
7663511
7671221
7671305
7679952
7681397
7683413
7683976
7684501
7684738
7685120
7687569
7689006
7690140
7693662
7696343
7702552
7706448
7706465
7709430
7709434
7711182
7711732
7718089
7724523
7724580
7724584
7729407
7731712
7734047
7734049
7737147
7737980
7738026
7744014
7744019
7748174
7748561
7750489
7750654
7753842
7756448
7758869
7759097
7760369
7769712
7772283
7772285
7773298
7774798
7774921
7774934
7778880
7781606
7781920
7781925
7783198
7784053
7784083
7784217
7791877
7794412
7796292
7797512
7798195
7802669
7806269
7806557
7808017
7808216
7811283
7813422
7818535
7819272
7819324
7821804
7822791
7824932
7829072
7831301
7832420
7832993
7833888
7835695
7835909
7838156
7838537
7841460
7842732
7845371
7845465
7845673
7846037
7846767
7846768
7849695
7851421
7854048
7857673
7857940
7868905
7873607
7877684
7877975
7878731
7878742
7883790
7884320
7888681
7890033
7890183
7894482
7894483
7896000
7896268
7896276
7896292
7896294
7897216
7898523
7903568
7909357
7909996
7910825
7914031
7914033
7917106
7917287
7918097
7919921
7922528
7925012
7925269
7926749
7926766
7927786
7927792
7929309
7929392
7930809
7935491
7937760
7941361
7945228
7945399
7947319
7947324
7947386
7951230
7951250
7953551
7954525
7954805
7957042
7958925
7959731
7959734
7959952
7961761
7964294
7964557
7967517
7967725
7970703
7972095
7973639
7973732
7974744
7979235
7980580
7981125
7982997
7983023
7983062
7987297
7988673
7988674
7989760
7991607
7999362
8001150
8001745
8002928
8002992
8006010
8006041
8006585
8011299
8013372
8015608
8016148
8018712
8018727
8022837
8024008
8024540
8024697
8026858
8033149
8033216
8035170
8035191
8036164
8043948
8045260
8046438
8049244
8049263
8050375
8050491
8053909
8055142
8058320
8062389
8063692
8064874
8066023
8069907
8069908
8070404
8070407
8071604
8078294
8080166
8081870
8083220
8087849
8088444
8088835
8088841
8089076
8089187
8089273
8093038
8104056
8110465
8112979
8113673
8115398
8122310
8126547
8134109
8134359
8142470
8142619
8145040
8146185
8153632
8159766
8162704
8163938
8171323
8175886
8176224
8176743
8177505
8180135
8183555
8183561
8183572
8185578
8190634
8193354
8194749
8195121
8195219
8202160
8202530
8203495
8206889
8207000
8207496
8207827
8208298
8209252
8209258
8221888
8224907
8247530
8248124
8248204
8261111
8262198
8264795
8265594
8268676
8275475
8287475
8288218
8288233
8289803
8293576
8294906
8302594
8307146
8314004
8330676
8344359
8346215
8355702
8355710
8355788
8361236
8363580
8376589
8380921
8383995
8385609
8388535
8395683
8396764
8408035
8409379
8409421
8409455
8413235
8413253
8415008
8436292
8436293
8438166
8441689
8444355
8449498
8449501
8449997
8453708
8462101
8467804
8473043
8474450
8474452
8479922
8486360
8486374
8494785
8496145
8508295
8514791
8516292
8519813
8521507
8521519
8524263
8524866
8529672
8529839
8530041
8530072
8530075
8530495
8533092
8534367
8535061
8535078
8541832
8550850
8553073
8557628
8558062
8559254
8559668
8560270
8563773
8565329
8566050
8567980
8569076
8570653
8570690
8576185
8576960
8577752
8578606
8579818
8581067
8585950
8586413
8589518
8589709
8590775
8598039
8601493
8601599
8601717
8602223
8603043
8605874
8605999
8606774
8609050
8609609
8610185
8611618
8611648
8612268
8612576
8614559
8616888
8617785
8618846
8618961
8620493
8624810
8625735
8627174
8631154
8631362
8632902
8634322
8635458
8635664
8635685
8635691
8636158
8641287
8643452
8643509
8643610
8645601
8650001
8650183
8650184
8650544
8653788
8655148
8657284
8660870
8661027
8661061
8661716
8661719
8662714
8664550
8670903
8671685
8676082
8681433
8683587
8688593
8689562
8690013
8690273
8690736
8692702
8694808
8696346
8696956
8698877
8702543
8706928
8707832
8722687
8723999
8732479
8733121
8734502
8734789
8735950
8738973
8742371
8744354
8755474
8755489
8755516
8755578
8757248
8757784
8759763
8760335
8761309
8761990
8763497
8764102
8764116
8765971
8769846
8770536
8777713
8782830
8784346
8786113
8786143
8786307
8788513
8791534
8798642
8801179
8804307
8806442
8806646
8807658
8808274
8808280
8808675
8811182
8812431
8812475
8812508
8814290
8814301
8816783
8817449
8820266
8824154
8824288
8830786
8831287
8831492
8832890
8833145
8834925
8838318
8838426
8846904
8849902
8854859
8855272
8855277
8858157
8858344
8858345
8861941
8861954
8863732
8867667
8872186
8872308
8876061
8878444
8878479
8878822
8879205
8882582
8887638
8887674
8890215
8900538
8901419
8901575
8901588
8910340
8910358
8911680
8914121
8921389
8921398
8923456
8923472
8925912
8934515
8938131
8938713
8939573
8939850
8944028
8950991
8951995
8953271
8954712
8954993
8962632
8966221
8969198
8970733
8974318
8975702
8977220
8978605
8980237
8982254
8983085
8986743
8991380
8994185
8995763
8999800
9000139
9000438
9002938
9007618
9009205
9010216
9010340
9010752
9012790
9016560
9016703
9016869
9020838
9020842
9020895
9034128
9034160
9034168
9034191
9037032
9037598
9038203
9038361
9039776
9043873
9045612
9046436
9049636
9052802
9053316
9056714
9056723
9058808
9059651
9059882
9059884
9059891
9061011
9064352
9067576
9070930
9070936
9073066
9075933
9077520
9079688
9087424
9087426
9094710
9094723
9096120
9096121
9096311
9097725
9098459
9104582
9106670
9107525
9108159
9115179
9115638
9117892
9120399
9121482
9122233
9126384
9126477
9126742
9135074
9135144
9136764
9139840
9144096
9145286
9145544
9149945
9150355
9151686
9153226
9153242
9153995
9160879
9164985
9165540
9168133
9169156
9169529
9171115
9171824
9175875
9176411
9182575
9182663
9182682
9182798
9184912
9185996
9186906
9188643
9192892
9194523
9195160
9196055
9196325
9199174
9199249
9200982
9202069
9202125
9202126
9202127
9204478
9204703
9204711
9207103
9207119
9207241
9208871
9210364
9210379
9211858
9217161
9218414
9218452
9218588
9222585
9223325
9223619
9224902
9228078
9229108
9230692
9235893
9237247
9242425
9242519
9242691
9244404
9250484
9250857
925203
9252115
9254840
9254906
9255069
9257536
9267020
9268631
9268708
9270302
9270303
9271210
9271665
9272950
9275178
9276463
9278446
9280064
9280290
9280315
9285405
9285590
9286702
9286706
9291465
9294142
9295054
9295294
9297966
9299242
9299545
9300059
9307294
9309177
9309781
9310340
9315105
9322161
9322371
9326583
9326634
9326663
9329956
9331342
9334247
9334258
9334352
9335505
9336452
9336464
9338783
9338788
9339366
9341770
9341881
9344654
9346277
9346953
9348334
9348347
9349823
9353252
9354800
9354801
9361278
9362457
9363440
9364205
9367684
9367917
9368758
9371513
9371744
9371838
9373155
9373235
9378760
9380695
9381171
9381173
9382863
9383299
9384540
9384583
9384611
9388184
9390553
9393751
9395282
9396862
9397688
9398683
9398853
9402739
9403730
9405449
9405652
9405659
9407023
9407065
9409766
9410473
9412477
9412503
9415470
9417047
9417918
9418954
9419338
9420207
9421259
9421476
9421491
9425147
9425233
9426002
9426193
9426216
9427343
9433137
9434149
9434165
9435219
9435255
9435336
9435345
9439634
9440814
9442026
9446565
9449189
9449688
9449704
9449708
9453487
9454631
9457688
9459445
9460643
9462726
9465049
9465313
9466889
9467003
9467015
9468311
9469821
9472069
9473517
9478126
9478961
9479490
9480836
9482736
9482919
9485218
9486231
9486651
9488663
9489701
9489702
9490415
9491897
9492001
9497258
9497316
9497389
9498303
9499411
9504043
9505193
9507200
9510555
9512502
9516125
9519874
9520388
9520401
9520948
9521871
9523700
9525981
9528857
9529332
9529885
9534045
9534046
9535835
9535847
9535917
9545239
9545290
9546428
9548971
9551859
9553086
9556563
9558091
9560299
9563519
9563851
9565599
9566905
9566926
9566975
9568713
9570771
9570947
9570952
9570953
9570955
9570956
9572148
9575347
9575840
9580980
9580990
9581869
9582194
9584134
9585502
9585807
9589353
9590240
9597130
9597547
9597550
9598348
9599656
9600072
9600096
9600923
9600952
9603951
9604773
9607722
9608738
9611252
9611772
9612077
9616220
9618202
9618516
9620802
9620855
9620866
9622616
9624692
9627119
9628829
9628903
9630247
9630657
9630982
9631655
9632723
9632807
9634239
9635186
9635194
9635195
9635405
9637690
9637921
9641537
9644246
9644265
9644977
9645468
9645480
9647200
9647753
9649432
9651308
9651350
9651366
9651397
9651500
9651545
9652388
9653094
9653162
9653652
9654073
9654085
9654122
9655502
9655912
9657155
9657748
9657845
9659399
9659579
9660951
9662390
9662395
9664034
9664687
9665271
9668034
9668102
9668176
9669045
9670022
9670923
9671460
9671596
9671728
9671749
9674433
9685612
9686597
9687510
9688143
9689047
9690810
9693039
9693043
9695810
9695811
9697850
9703973
9704409
9705248
9705835
9707402
9710587
9712667
9712885
9714600
9714710
9714732
9714762
9714763
9716654
9716656
9720874
9721204
9722167
9722615
9722952
9723178
9723890
9724329
9724629
9724633
9724637
9724750
9724754
9724757
9725904
9726281
9727008
9727070
9728905
9729469
9730605
9730611
9733106
9733924
9735050
9736743
9736772
9736773
9736774
9740669
9742083
9742130
9743333
9743358
9743607
9744817
9745035
9745041
9745429
9746365
9747029
9748307
9750193
9751161
9751744
9753166
9753327
9753502
9755171
9756038
9757017
9757043
9757370
9763658
9765291
9765397
9767165
9768760
9768836
9770465
9770487
9770488
9770528
9771647
9771707
9771715
9774341
9774382
9774450
9774669
9774682
9774969
9776760
9777335
9777336
9777337
9779981
9779982
9780025
9782076
9782080
9782091
9783588
9786090
9786843
9786891
9786927
9787075
9787077
9789069
9789079
9790524
9790568
9790752
9790761
9790763
9790765
9790766
9790916
9790983
9792553
9792633
9792649
9792670
9792675
9792713
9792798
9795207
9795230
9795232
9797472
9798653
9798903
9799267
9799596
9799613
9799790
9799837
9799840
9799841
9801372
9801797
9803267
9804342
9804817
9804829
9804836
9804986
9804989
9806546
9806550
9806826
9806833
9806838
9806843
9806854
9808201
9808458
9808631
9809678
9809746
9809979
9810707
9811568
9811582
9811888
9811896
9812978
9813028
9813049
9813051
9813063
9813230
9813415
9819391
9822600
9822608
9822620
9822714
9823333
9823897
9823953
9824471
9826173
9826666
9826679
9826705
9826740
9827568
9828124
9828134
9829689
9829702
9829972
9831461
9831647
9832121
9832122
9832628
9834192
9836640
9837938
9838117
9840812
9840936
9840940
9841934
9842715
9843687
9844629
9844915
9844923
9845246
9845363
9845365
9846490
9849870
9850061
9851691
9851834
9851930
9852097
9852133
9852680
9854041
9856994
9857009
9857044
9857079
9857184
9857191
9858515
9858543
9858544
9858573
9858586
9858811
9859227
9860983
9861017
9862345
9862363
9862378
9862452
9862665
9862701
9864158
9865494
9867803
9867845
9867867
9869296
9869916
9872323
9872395
9872408
9875239
9875739
9875846
9877162
9878049
9878080
9878246
9878252
9878255
9878266
9878397
9878755
9879827
9880530
9880575
9880589
9880596
9880655
9880656
9880659
9880663
9880673
9880679
9880681
9880682
9883582
9883723
9883726
9883737
9885561
9885975
9886922
9886986
9887096
9887101
9887327
9887331
9887344
9887348
9888996
9888999
9889000
9889005
9889269
9890743
9891009
9891014
9891849
9892623
9892646
9892664
9892671
9892679
9894812
9914329
9914338
9914417
9915833
9916719
9916807
9916873
9918128
9918132
9918795
9918798
9920416
9920663
9920770
9920894
9922225
9922384
9922399
9922400
9922452
9923615
9926287
9927193
9927208
9927277
9927300
9927339
9927484
9927668
9927674
9930704
9931330
9931340
9931425
9931443
9931454
9931466
9931497
9932288
9933561
9933564
9933565
9933568
9933574
9933937
9949199
9949206
9949214
9949949
9949950
9950687
9971762
9973328
9973413
9973435
9973612
9974373
9988267
9988269
9988279
9988762
9988767
9989411
9989495
9989803
9989976
9990022
9990852
9990853
