22826064
23261005
23340030
23548523
23158458
23168330
23103710
23099118
23201489
23267857
23361102
22964418
22975219
23107763
23107767
23107770
23142377
23237781
23246977
23266621
23266817
23296054
23313300
23375994
23395936
23357840
22541966
23312704
23223006
23333190
23159492
23376767
23131710
22064666
22310351
22310352
22350108
22391769
23296156
22940476
22494992
22544010
22561479
22982650
22158057
22495472
22790387
23073467
20938339
21127421
20571354
20634689
20453658
20179607
19620853
18827605
18349701
17519790
16538177
16340785
9825828
8747407
8100167
22471906
22486600
22020760
22031394
22864933
22443215
21427285
21593283
21642471
22151084
22212648
22288893
22188122
20974993
21387541
20332423
18094221
18490497
14747421
22871975
18989535
16270629
11127854
22637743
22846425
22927450
21778277
22505587
22898703
22941809
23007406
22428763
22565545
22505549
22624503
22374424
22289258
22315333
22718623
22304537
22420486
22533711
22808915
22155850
22328288
22949529
22909898
22409928
21293098
21900104
22528324
22303032
22513795
22608783
22086748
22771883
22860421
21436775
22210424
21810657
22239018
22041889
21480818
20854097
19395425
20595278
19644155
19902987
19902988
19534662
19905915
19573479
19326813
19052483
18025780
19533864
18687167
19356079
19026029
18540691
18480151
19193342
18322994
18381794
18443548
18667995
18773126
17292646
19192406
17597424
17915974
17611986
17285096
16045195
15651752
15005635
15500895
14668933
12728976
12014437
12043242
11305777
11735606
11294926
11024215
9149697
9316174
8858968
7598936
8530616
21441958
22378156
22510778
22588607
22713701
22948895
23132553
22166946
22385887
22476228
22426421
21827290
22218095
22373943
21502966
21808285
22158330
22491017
22547144
22584459
22584460
22641026
22641028
22664477
22688218
22776887
22868256
22907730
22907731
22907732
22986918
23007311
23069858
23147717
21289623
21562485
20351751
19584821
20072124
20237496
19704415
19752884
20038957
20066004
19129747
18521091
19749757
19898482
19365399
19365401
18167504
17301735
17361120
17361124
17957148
16815313
16890579
16890580
17015051
17015053
17112802
17112805
16580901
15637529
15900281
16003298
16084853
16153393
16153394
16198657
15116053
15179406
15289789
15371983
15565110
14643574
12545143
12621390
12732846
12966369
14586385
12152005
12386646
12426521
11452243
11503010
11753272
10889552
9929972
9270093
9164413
9333104
8612385
21790472
21877956
22084937
20925579
22297601
19494443
21449691
22324545
22329763
22686296
22035418
21091277
21718208
19255940
19480553
19795924
17931083
15742978
22594507
22594510
22676192
22676193
22838948
22838949
22838950
22909202
22920393
23148635
23215884
21332312
21510767
21521023
21902499
22047493
20235787
20235788
19450124
19530961
19842934
19207030
18034618
16753004
16013960
22704849
22564729
22484315
22831980
22266406
22560999
22227166
22546611
22796246
21723677
22901973
21940152
22406240
22153732
22401810
22525860
22108195
22248659
22626609
22008665
22503897
22634097
22705826
22037316
22112610
22940005
21680025
21962566
22119086
22326841
22541248
22624833
22682551
22179054
22503846
21703177
22027585
22177087
21741706
22516052
22584237
22405810
22954510
22661184
22748975
22534499
22445761
22425007
23082557
22209339
22285300
22306368
22683417
22841242
22341855
21601426
21803011
21496891
21920590
21215696
21216194
21396799
20932673
21605946
21680027
21807250
22024001
21450231
21663814
21907615
21112657
21112660
21145803
21354446
21030078
21435719
20627363
21640195
21439646
21536130
21683752
22015088
21050724
21429568
21907728
21767559
21939710
21094359
19914604
19850283
20089352
20056267
19520430
20122728
19361884
19473722
20438811
20044141
20308003
20031235
20471098
19560446
18992959
18995924
19304340
19625010
18261733
18262190
18538381
18086475
17512053
18082847
18162312
17399967
18694831
17921051
17521963
17825393
17611010
17161452
18021981
16199080
16428070
16406195
16956694
16549165
15808586
15464701
15316498
15337976
15522280
14660992
12557141
12963435
12576843
12759898
12429347
12372660
12142082
12175731
11604271
11699055
11311507
10933885
10636265
10335726
9698079
22789065
22041458
14604448
23233654
21948329
20724312
22726230
22144504
22030708
22760553
21491142
21875636
19364873
19772658
16344721
11932299
22425806
22500942
22277556
22648373
22430972
21905019
22436609
21950736
23217392
22230323
22331829
22843789
22610885
22875838
22566498
22664498
22174453
22585729
22437554
22497812
22156521
21964586
22740981
22267851
22555244
22293537
22926161
22272297
22347417
22363494
22384212
22403620
22723835
23082213
22138325
22629172
22074026
21743374
23167532
21712700
23169292
23129173
23149914
23382048
23002237
22795689
23260763
23294455
23078136
22505343
22658438
22131055
22971159
22003912
21239504
21736601
22156484
21618576
21157371
21251073
20944127
20858905
20855458
18768181
19483685
15454731
15475734
23252947
22407408
22565219
21383644
21860339
18551042
12172213
22894673
22143415
22228203
23135173
23355205
23136006
23223113
23233662
23223357
23249566
23511629
23297687
22850357
23299407
23467860
23222260
23138776
23203414
23263737
23239757
23225254
23180272
22752848
23232001
23118424
23190413
23160180
23300213
23173169
23190755
23468552
23275066
23242437
23632726
23108994
23535492
23221871
23221997
23065688
23211429
23241943
23249875
23249876
23264555
22684479
22473858
22674296
23755828
18441513
11751698
22760226
22006347
22170007
22183771
21404106
22350701
22623266
22528326
22105492
22249976
22528943
21161198
21509569
21311904
19771428
20359253
19219618
19351215
17992535
17570739
16770645
16841220
15692831
16315032
15830237
10823405
9923585
9860300
9112055
3691597
22555164
22481606
22525200
21900837
22237259
22551904
22935916
23095803
21188787
21079520
21107291
20631561
20562674
21076384
19446659
18753860
18398970
18204343
18551086
17473659
16855453
15729180
12569299
14520117
10683861
8986921
22530607
22448752
21851379
21999172
22296034
22380717
22680342
22571356
22072145
21106034
22506592
22725681
22630058
22117591
22548711
22234924
22331604
22213405
21647873
22533655
22172097
22882727
22098610
22170540
22246829
22431022
22252093
22260716
22329371
22863269
21656904
21898905
21355884
21418106
20500803
21545618
20801937
21360545
21503910
21503919
21651652
20716226
20101753
19798689
19591196
19504558
18346175
18498133
17290447
17425754
17394430
17875118
17042920
16789993
16958828
14991752
15145965
12608943
12123487
10630604
8659680
8659683
8749816
22850480
19923983
21656579
22486937
22449275
22765024
21899657
22369694
21745312
20887379
20456087
20973683
19621425
19703064
18576903
17600820
17430486
16584389
16123993
11393588
21652582
21989330
22052985
22180457
22315096
22661571
22457278
8200080
22538805
22310978
22239287
22215752
22534644
22896670
22674970
22744661
22584434
22485222
22423584
20507294
20581929
18565259
19356075
19356014
17285735
16865253
16167465
15285851
11809184
10073515
22668754
21362344
21806387
20368512
20479955
19082493
19770381
19570226
18728661
18636247
19771307
18097560
18442334
18544910
18520597
17558307
16610939
15956990
15505643
22006095
22186618
21883387
22007612
21882181
21984221
21940774
22490566
22990751
22453232
22201120
21901344
21898478
21932415
22166969
21813073
22158703
22456781
21652606
22623230
22111980
22388798
21769110
21844885
21862974
22479369
22406654
21048041
21868559
21900198
21400026
21980041
21972404
21622719
22156487
21636342
21781277
21471993
21345843
21254157
21480318
21875902
21768671
21985811
21987299
21961091
21776001
21346624
21242819
21186350
21912188
21934636
21934637
20351750
22110582
21497773
19289993
20031593
19276283
18580607
18182069
18930278
17335581
17110455
17244352
17261659
17241877
17666363
17131345
17242628
17258395
16772608
16728541
16331627
17047490
16753003
17060857
15505641
15604423
12835613
14583678
12419790
12356937
21766209
21903774
23112570
22701696
23144877
22334041
19005421
19019667
23467445
23324805
23778320
23053265
23161411
23228987
23314736
23423487
22594254
22287728
22301466
22477766
22369141
22702493
21995462
21999196
22271208
22371153
22562553
22805305
22321154
22882858
22534871
23073208
22271411
22734797
22104130
22277678
22447114
23007012
23099353
23149872
23257391
22076562
22101623
22418828
22271896
22102173
22531512
22075751
22722500
22587422
22429367
22440088
21955253
22098416
22513366
22248724
22179630
22555197
22327873
22366774
22388796
22555810
22668755
22786571
22188361
22248286
23238479
22398664
22393835
22629463
22723959
22912756
23029095
23071495
23133602
23272163
22354160
22411462
21692944
22094953
23121166
23280954
23373827
23374220
22736425
23267855
23126384
22882994
22892446
22971639
22881836
23281616
22913807
23107586
23196783
23149126
23111421
23222202
23324807
22212731
22249355
21958076
22296372
22296392
21564078
21937736
22244026
21997313
22052224
20970553
20350051
18593715
18597657
16633141
21278620
22448795
22111602
22111603
22304580
22329723
22462746
22462752
22209866
22228204
22986607
23144325
23302985
23400986
23001900
23287989
23462807
23096768
23165797
23327191
23275278
23740681
23097010
23213086
23007924
23034890
23621569
23277235
23277265
23034592
23148286
23161429
23274376
23389500
23612386
23386248
23152970
23232491
22763923
23301546
22983827
23364242
23111422
23114278
23188068
23469684
23469685
22885912
22926004
23481136
23571513
23354298
23364483
22584245
21892778
22120873
22426923
21461966
22519966
20632082
20020283
12739761
11791898
10999650
9272410
20445534
22183189
21693476
21700758
21691274
22149319
21164499
21992747
21527445
21106707
21886016
21946898
22026923
19434073
17597710
17625515
18661526
16912869
16873909
16849011
16361630
12825092
22300961
22282879
22103814
22105149
22990067
22848690
21854539
21303424
21946896
23157319
20578904
20864405
18004211
23408116
23412975
22527101
22281720
22294058
22481252
22438096
21956434
22314626
22187345
22610055
21359536
15918040
15032315
10877013
10867985
10692979
20351547
20010449
19396015
17502770
21680781
21933224
19049562
12694072
