10022858
10037806
10072387
10075998
10079173
10094314
10202157
10406810
10523623
10523673
10567417
10573156
10629063
10676814
10710437
10811881
10848602
10856256
10857750
10911989
10913178
10913193
10931943
10934202
11003644
11024030
11029660
11046149
11096110
11098054
11106748
11172920
11278454
11278705
11285240
11336712
11421362
11438677
11447123
11454855
11470789
11514570
11526107
11532944
11571276
11575921
11598017
11602610
11691992
11719186
11719189
11751603
11753385
11779509
11788707
11847131
11856759
11867641
11917126
11925564
11931771
12011088
12024014
12060656
12228232
12356730
12384599
12403470
12403832
12406575
12419250
12419255
12426391
12447348
12490714
12509468
12517964
12549914
12600897
12600940
12605686
12612063
12649279
12649496
12704185
12732620
12745094
12819194
12826680
12833158
12900401
14703516
14709600
14722159
14729981
15155834
15208309
15257297
15302913
15331611
15340051
15341728
15457527
15496424
15514164
15657417
15798212
15805463
15809297
15826655
15828859
15840818
15889141
15967798
16000324
16001081
16006558
16091628
16109372
16126846
16157593
16168373
16171461
16179478
16249178
16254078
16260624
1628625
16289864
16308319
16385450
16396608
16431980
16458894
16508950
16537540
16548521
16611940
16777844
16787927
16790528
16819831
16825284
16834569
16854432
16885237
16890199
16938098
16943417
16950790
16982681
16990281
17030625
17035636
17036044
17074807
17101796
17144911
17287399
17337441
17353911
17437720
17451601
17466948
17488725
17507659
17548433
17548472
17558416
17567613
17576688
17580305
17592047
17609276
17655233
17664280
17668007
17682065
17693432
17698501
17702765
17764653
17869320
17908789
17913700
17925491
17928403
17942744
17950949
17965020
18039683
18045242
18075498
18243120
18272582
18315555
18371932
18391021
18463097
18480411
18503770
18534987
18573872
18573884
18583400
18597733
18644987
18650551
18653529
18663000
18684992
18719244
18776329
18794368
18794844
18806275
18840686
18846111
18929541
18945760
18986664
19010922
19016857
19111562
19124611
19147685
19151756
19226116
19285943
19298794
19304800
19339348
19359363
19396385
19404736
19458619
19470458
19506027
19561594
19564422
19602482
19667073
19815002
19843576
19910374
19926721
19953646
20010808
20028692
20071745
20080103
20086103
20100605
20118245
20120036
20122404
20186122
20186123
20211135
20423455
20459669
20498276
20519504
20526337
20631008
20926394
21327109
21518792
22044765
22162216
22402488
22434879
22517726
22730292
23190262
23275549
23430061
2533575
3386636
3733753
7510636
7512260
7543047
7585247
7607214
7651409
7673195
7688265
7761834
7972035
8083209
8174554
8321232
8449401
8473331
8497264
8558240
8576255
8626503
8626712
8647811
8769651
8789448
8798770
8912635
8917439
8948631
9037021
9045688
9121425
9122208
9130721
9154818
9155038
9160751
9182766
9214659
9234723
9261396
9275159
9292499
9305981
9341174
9353343
9393875
9436904
9436911
9512519
9546399
9649504
9649627
9685407
9710581
9740129
9765391
9789075
9826658
9848651
9858533
9858549
9858550
9880507
9882309
9925777
