
10053006
10068652
10092132
10213513
10224103
10319863
10327054
10340381
10362365
10363963
10378696
10389768
10417759
10426999
10430928
10468606
10491434
10496349
10498896
10499592
10508165
10508512
10518542
10528862
10533067
10535940
10543400
10560660
10561337
10567369
10569618
10574788
10626800
10635334
10665646
10671680
10676634
10683371
10688839
10698493
10700188
10702799
10706877
10706881
10708951
10716706
10728703
10732761
10742152
10749119
10773876
10787412
10789724
10824998
10825194
10835690
10845925
10856240
10860845
10862084
10866302
10871851
10887137
10910073
10910891
10914715
10918303
10935490
10946232
10958784
10959092
10966114
10969767
10970848
10973499
10999739
11034608
11050007
11051241
11053450
11055896
11062151
11073967
11095964
11103795
11114740
11121055
11124803
11157491
11157798
11161829
11224571
11237521
11237525
11239455
11243405
11248153
11257105
11257106
11258625
11265751
11278460
11287972
11287973
11290608
11290735
11298456
11301010
11306464
11309634
11311142
11313867
11313896
11322512
11333268
11343035
11345193
11357143
11358863
11381087
11385711
11406546
11406568
11429702
11430828
11441075
11448944
11474654
11481490
11485901
11486031
11524665
11526490
11553622
11571643
11571648
11585722
11588050
11593392
11606402
11606789
11689702
11709755
11715049
11739186
11739384
11741832
11745466
11751631
11753428
11756559
11779503
11781295
11782357
11807791
11830488
11891048
11900253
11914066
11940479
11956172
12004076
12010809
12023981
12023985
12032783
12037578
12049740
12050673
12068308
12077328
12086889
12114739
12124352
12132870
12154198
12181401
12181402
12192049
12202531
12205112
12208731
12208738
12208847
12208850
12218053
1221964
12221096
12234996
12237287
12237408
12351625
12353035
12355088
12370306
12374981
12375019
12384562
12389616
12393679
12402157
12417717
12424201
12427738
12432241
12438278
12450792
12460923
12483515
12490841
12496476
12499255
12517791
12522257
12522549
12552571
12557224
12559563
12569358
12569364
12569564
12586840
12588804
12595050
12601471
12612655
12624152
12628188
12631397
12646957
12651874
12660384
12661006
12676775
12697830
12717436
12732731
12732733
12781364
12799363
12801573
12810663
12827451
12845634
12879008
12881723
12888812
12888829
12894231
12900351
12907457
12919140
12925203
12944919
12947386
12949711
12949717
12955092
12955722
12957286
1328859
1329087
1409633
14500907
14504092
14508519
14512394
14523047
14559814
14576434
14592816
14602678
14636579
14645423
14647410
14655756
14668798
14684699
14702632
14715079
14722914
14729053
14729330
14767570
14973063
14974085
14977822
14983014
15004537
15010069
15013217
15034867
15035987
15056673
15064718
15083194
15087377
15093544
15111311
15118073
15118125
15122334
15133179
15133502
15146165
15148396
15150094
15155950
15156177
15156182
15156184
15156185
15159406
1516603
15167915
15172985
15199139
15201427
15256420
15256438
15269313
15269348
15282324
15290653
1532241
15329413
15342366
15350310
15375530
15378024
15448013
15451219
15456879
15457249
15464447
15466193
15466206
15472075
15483652
15488758
15492236
15509736
15520807
15528792
15531912
15557554
15569676
15579438
15586366
15595939
15604238
15623594
15630448
15676212
1568247
15685537
15689452
15694126
15705878
15711891
15713769
15725473
15728811
15735036
15735742
15737014
15753357
15753368
15753375
15770685
15790786
15793561
15800014
15805263
15824737
15829978
15834506
15838514
15852023
15863030
15863033
15870435
15872200
15879498
15897572
15908952
15923272
15928302
15928335
15930273
15930355
15960923
15972446
15985610
15987702
15987703
15993039
15999996
16001431
16007150
16011858
16015387
16030188
16046538
16051177
16051643
16081693
16087702
16091755
16094359
16096377
16098458
16101277
16106023
16116477
16140918
16143141
16144131
16153896
16171945
16187797
16204011
16205628
16213704
16216036
16216676
16236737
16236738
16254134
16258541
16261165
16261175
16273091
16273204
16291592
1630819
16310402
16314571
16322248
16322555
16324895
16330673
16338952
16339184
16339315
16341083
16357008
16357154
16357220
16358218
16364920
16374545
16382155
16385572
16393691
16397024
16397241
16397263
16397500
16402392
16403807
16407837
16407879
16410449
16432179
16432180
16434489
16434492
16439621
16443854
16452222
16461907
16467085
16472675
16474176
16474404
16474405
16474838
16483931
16489001
16492805
16496320
16498388
16507833
1651234
16528606
16533793
16551849
16551858
16565971
16581765
16585161
16598313
16604165
16608506
16618740
16630177
16645167
16690081
16690743
1671296
16717057
16720839
16730261
16732330
16738328
16751810
167518180
16754777
16779792
16782917
16791849
16793542
16796788
16804112
16814713
16825508
16828225
16832357
16834459
16835864
16841094
16843263
16845659
16847331
16847454
16857186
16863509
16870303
16888629
1689011
16908931
16921041
16934487
1695324
16954519
16956837
16960151
16981987
16982735
16988931
17016424
17020472
17033622
17043636
17046465
17047083
17047397
17050665
17054105
17062680
17084704
17085664
17086192
17087936
17087943
17101317
17102087
17107900
17114584
17114655
17120248
17121884
17131411
17139461
17150185
17161371
17172848
17174897
17177598
17178867
17189397
17192538
17209045
17210669
17211612
17213812
17218262
17218268
17224267
17250957
17267906
17285735
17290219
17293864
17296564
17304050
1730638
1730690
17308087
17311302
17318210
17322284
17334343
17344846
17349581
17353906
17363507
17372901
17376509
17376864
17384684
17409427
17412879
17418412
17446348
17463250
17470858
17489980
17503413
17510385
17525745
17545544
17545553
17555450
17557300
17591827
17597348
17601930
17603482
17603483
17609377
17611497
17612495
17616691
17625604
17626883
17638894
17639058
17662946
17663417
17671502
17676033
17686547
17699867
17720936
17724477
17822677
17824795
17875937
17877814
17908926
17909001
17924331
17925434
17934517
17973572
17974985
17981815
17985359
17989712
18039657
18042801
18046503
18060073
18068628
18073111
18073348
18074223
18077425
18083107
18089823
18094723
18166348
18172267
18172298
18186519
18192504
18193092
18202696
18205192
18206535
18212743
18218622
18227510
18230792
18235121
18242514
18247425
1825351
18256540
18262053
18264724
18270328
18273021
18273555
18282277
18285836
18286234
18301784
18309959
18316592
18316791
18323416
18339844
18339845
18355544
18362171
18372904
18372921
18375895
18397877
18409179
18412279
18413728
18413839
18424508
18446368
18448188
18451171
18451181
18455126
18456719
18471881
18483217
18489799
18493658
18500345
18503828
18509184
18509354
18510589
18515258
18537978
18552176
18559588
18602572
18602922
18612157
18618014
18618714
18623623
18628483
18632602
18634022
18642118
18644975
18670317
18676761
18680205
18709565
18709663
18713003
18724359
18755892
18757409
18757411
1875774
18757741
18772396
18772890
18778367
18790734
18794084
18794142
18794803
18794900
18795925
18805579
18807267
18813315
18813840
18824701
18829572
18830229
18922469
18923523
18923524
18923525
18950453
18951462
18952055
18952898
18955451
18955458
18974108
18980976
18981003
1898655
18992264
19010816
19010870
19010901
19015641
19016745
19018266
19020303
19020901
19029958
19029981
19030229
19036112
19060236
19060928
19064397
19072991
19074898
19075190
19078957
19096300
19100521
19106607
19111562
19117057
19117982
19139102
19144681
19144982
19145199
19147536
19147561
19147750
19161339
19176457
19179552
19185849
19187542
19193436
19212337
19217431
19224897
19238633
192386330
19244107
19246886
19254532
19260062
19276350
19282169
19296721
19318484
19318576
19324552
19329485
19330029
19339720
19340001
19340305
19351371
19357394
19357705
19363522
19366795
19366796
19369211
19372382
19372391
19372580
19376813
19387008
19388938
19396167
19396168
19401449
19411071
19414342
19419416
19423757
19433796
19449367
19453520
19457929
19459153
19461405
19467857
19470474
19470727
19474002
19478061
19479271
19492075
19515453
19521964
19536093
19536777
19543316
19545378
19551889
19553641
19560417
19567590
19574279
19582367
19592505
19593635
19596781
19602254
19620960
19632948
19644140
19671738
19671763
19692680
19713221
19718025
19723643
19723647
19723655
19726454
19726788
19733072
19738612
19749790
19767589
19786658
19791830
19805189
19806146
19809159
19818708
19818716
19821490
19841536
19861435
19863800
19892943
19915144
19933846
19934294
19935646
19946327
19952108
19962665
19966803
20007378
20007775
20010874
20016488
20020535
20022809
20041408
20074063
20080836
20085582
20094046
20101236
20103620
20118910
20126411
20127253
20137775
20141835
20142587
20147967
20154217
20154722
20160028
20164920
20167706
20171147
20179705
20182460
20182461
20190810
20194776
20226962
20230342
20301399
20303878
20332142
20339585
20340136
20351256
20354455
20358631
20371679
20393147
20396981
20399964
20400964
20406929
20418034
20440266
20444924
20463014
20479403
20487569
20492666
20501843
20513137
20516115
20516123
20522446
20526349
20534551
20538618
20549580
20551065
20554711
20570890
20573926
20581310
20585391
20586710
20587527
20593314
20601955
20606007
20609468
20619739
20628145
20633291
20644256
20647317
20664593
20668238
20668451
20670955
20676058
20676128
20679480
20685895
20691906
20692206
20713702
20713710
20719933
20728210
20730488
20730598
20799949
20807888
20815813
20818844
20823238
20826165
20838576
20842732
20847235
20852387
20855495
20859122
20864418
20868368
20871262
20871596
20878484
20881644
20886116
20889717
20921462
20921465
20926450
20937913
20942962
20949621
20978191
20978259
20979192
20979472
20979473
20980053
21030459
21047224
21051595
21056691
21057493
21078963
21079152
21083380
21098038
21120944
21123452
21145788
21147910
21148487
21154811
21156281
21157497
21160078
21172876
21174539
21175304
21190184
21190999
21215703
21224473
21228335
21242122
21242967
21248752
21252719
21263000
21266046
21266350
21266528
21289244
21298110
21309039
21310613
21316598
21324922
21325067
21325169
21330321
21332470
21347793
21358634
21362419
21375404
21376568
21383154
21383288
21383740
21393331
21422114
21422421
21423803
21424530
21430697
21435433
21447744
21447798
21455215
21456006
21478295
21478863
21479466
21481790
21482694
21482786
21498700
21502504
21514219
21516316
21527588
2153181
21531810
21533163
21533284
21551237
21552559
21596819
21610706
21613408
21617878
21618645
21623265
21623383
21632860
21637783
21638052
21639808
21641335
21642685
21654818
21670455
21680795
21685365
21685469
2168563
21690468
21697284
21712447
21720365
21725049
21725363
21729646
21734724
21761100
21764376
21768458
21779441
2179087
21791641
21792198
21793738
21798893
21798897
21810159
21822264
21822268
21822287
21828076
21831957
21837672
21840295
21841502
21843048
21856766
2185891
21862407
21868628
21887927
21892167
21896780
21896992
21898499
21900401
21906875
21909114
21910224
21918175
21922593
21928350
21931021
21948233
21948802
21949838
21949883
21953054
21964575
21969494
21975049
21979934
21980511
21984976
21990120
21993244
21993670
21996744
22006338
22012066
22014572
22034435
22034911
22035742
22046346
22056382
22068222
22069175
22072439
22072542
22072639
22081504
22085717
22089421
22101766
22102614
22105174
22105362
22108604
22113612
22120714
22129891
22134537
22137796
22138582
22139329
22149875
22153890
22156206
22158538
22177953
22190593
22193408
22197931
22203368
22204491
22214849
22215748
22228622
22233809
22235099
22237022
22256804
22257673
22270258
22270724
22271894
22277784
22285168
22286061
22290698
22293180
22294718
22301675
22318203
22321641
22323599
22327623
22327624
22327936
22328973
22333947
22343889
22343901
22350270
22357254
22357255
22368298
22370314
22370636
22384256
22387997
22389709
22397650
22403669
22426235
22439932
22452356
22452895
22452896
22460905
22464251
22464321
22476749
22491204
22496636
2250062
22505045
225090128
22510884
22535154
22549126
2257789
22581703
22584710
22585574
22588155
22589270
22591296
22592656
22608338
2260966
22610119
22614325
22614970
22622578
22649091
22663011
22665524
22670903
22670904
22673505
22675565
22718859
22722201
22722202
22722830
22722839
22722925
22729224
22733019
22733151
22735384
22736432
22743296
22745105
22745804
22751495
22753918
22761469
22763442
22768200
22781593
22798288
22807134
22810696
22815287
22815530
22817889
22819219
22823061
22825583
22825683
22832583
22833104
22837387
22842228
22848293
22869872
22875628
22885699
2288878
22895193
22897847
22897849
22899282
22899477
22903760
22908275
22919003
22923433
22930730
22941189
22949125
22949682
22960131
22960745
22962691
22967996
22973954
22975805
22977237
2298097
22980975
22980976
22983396
23000897
23007009
23020132
23020162
23039341
23047306
23047742
23051966
23059812
23076159
23079654
23082000
23091029
23095493
23096495
23103869
23104988
23127611
23132392
2313435624589925
23134728
23139211
23140824
23152448
23153539
23154560
23158522
23159848
23160465
23161852
23177514
23177515
23186533
23188117
23200175
23204226
23220880
232374410
23239810
23242437
23243055
23248257
23255827
23259788
23263490
23264629
23284172
23292937
23298836
23307074
23312829
23315164
23317446
23322780
23330657
23335386
23335507
23344261
23348503
23348506
23354438
23358096
23358982
23365135
23371856
23372669
23380224
23382236
23391514
23393090
23394218
23400675
23401075
23401436
23403630
23406027
23414587
23416972
23434628
23435217
23435383
23451180
23452118
23460367
23460398
23463675
23473613
23474757
23475934
23485365
23489324
23490649
23497317
23502220
23502453
23515407
23527311
23530248
23533264
23539448
23555276
23558173
23558953
23559371
23567324
23569304
23569312
23578175
23580326
23580382
23582141
23584301
23585556
23598171
23599150
23602601
23604113
23613828
23619167
23621914
23622249
23623386
23624841
23624918
23628958
23630070
23630074
23630205
23631653
23632474
23636324
23636398
23637631
23637914
23640210
23652671
23658459
23658559
23659359
23659595
23660946
23680147
23687087
23698369
23704196
23708964
23709753
237097530
23715670
23724913
23724914
23731537
23731542
23733758
23734178
23737213
23738515
23741320
23748007
23752188
23768755
23775962
23777544
23779130
23784959
23788652
23800712
23810378
23810379
23810382
23816960
23816963
23817021
23817572
23818607
23822953
23833300
23835704
23840064
23840364
23842040
23842656
2384268
23842682
23843458
23846731
23851510
23857276
23861464
23864385
23867111
23871490
23878140
23880961
23886708
23887589
23890088
23892979
23897956
23904814
23908597
23908683
23912815
23912954
23913526
23913538
23917401
23918663
23918947
23939148
23940356
23950206
23954893
23969006
23970477
23991695
23999936
24000153
24024839
24024844
24027009
24027083
2403644
24038909
24047072
24047073
24047651
24055054
24055055
24057647
24060861
24061512
24061647
24072220
24072884
24077916
241124571
24120142
24121792
24122810
24123531
24129065
24130125
24132921
24135138
24136356
24137465
24138071
24142871
24143074
24145436
24154688
24162815
24165795
24167195
24173966
24185510
24185512
24186319
24202393
24204729
24216483
24217577
24240169
24240680
24241536
24247240
24255108
24256730
24265152
24265153
24265154
24265155
24265351
24278394
24283590
24285021
24285683
24293293
24296828
24298051
24300897
24312913
24315485
24317090
24317180
24317508
24320889
24321497
24322982
24323992
24330732
24332178
24336570
24342437
24345920
24353160
24362264
24362816
24367658
24378390
24382590
24389164
24390348
24395800
24398047
24398689
24407160
24413737
24419427
24422672
24423348
24434863
24436047
24440599
24445538
24446311
24448324
24448821
24449215
24449822
24469040
24478319
24490049
24491302
24493670
24501009
24508103
24508459
24509477
24511017
24516166
24523439
24529379
24532689
24534189
24554720
24561444
24569458
24576404
24583796
24584070
24599305
24605326
24608088
24613357
24613930
24622468
24625776
24628626
24631838
24647444
24651010
24651012
24651013
24652667
24652991
24656771
24656976
24657534
24658001
24658002
24658004
24658273
24670165
24675041
24687085
24689079
24690483
24696454
24705250
24705251
24705252
24705254
24718026
24718888
24721394
24727320
24729041
24735922
24736066
24736079
24736080
24736461
24737579
24739896
24743239
24746821
24755468
24755471
24764564
24769718
24790523
24793135
24794443
24794707
24796539
24797764
24816253
24816255
24817949
24825865
24854990
24869598
24875859
24882434
24886126
24888229
24893629
24893890
24894453
24894717
24896186
24899687
24900187
24904117
24913195
24913233
24916674
24920063
24933606
24934408
24957271
24962792
24963404
24965397
24969085
24971884
24973361
24980722
24982505
24990631
24997986
25006131
25007147
25009298
25013473
25015329
25040002
25043045
25044415
25053532
250553825
25056119
25057940
25060813
25064355
25071110
25079317
25079552
25079768
25089220
25092538
25096233
25099679
25104222
25109552
25110411
25113440
25133428
25137181
25151357
25173530
25176975
25189416
25193860
25194673
25199678
25204415
25207766
25219510
25225064
25228534
25228659
25232177
25239608
25252692
25260694
25264305
25265492
25265494
25266736
25267526
25274033
25277205
25284075
25284480
25287822
25287827
25288766
25294904
2530423
25304235
25311244
25320010
25320358
25321332
25322323
25344691
25351743
25351745
25359213
25359494
25359991
25363767
25366685
25366691
25370473
25382067
25384085
25395299
25395580
25399551
25401301
25404613
25416039
25416276
25421750
25424858
25425582
25428262
25430799
25431674
25437057
25437878
25447541
25453903
25456362
25465127
2546593
25465943
25466451
25470049
25483104
25487361
25488983
25490895
2549426
25502460
25512383
25512458
25515960
25517749
25521405
25521406
25521408
25527629
25531467
25533673
25537518
25550361
25563310
25564152
25586472
25592647
25594174
25600866
25601756
25605837
25607950
25608663
25609060
25621664
25625625
25636205
25641662
25662396
25664618
25666439
25677745
25683705
25688157
25691505
25695690
25705018
25709890
25712099
25730874
25733895
25736571
25737557
25739551
25749034
25750544
25759019
2575902
25759020
25766326
25771729
25788694
25789185
25806268
25824098
25830670
25853726
25856301
25870796
25870798
25873077
25873174
25883011
25884806
25893166
25893305
25898962
25899310
25905001
25911086
25915946
25923549
25930198
25939061
25941399
25951811
25960268
25965570
25965575
25971938
25971939
25975287
25977370
25982275
25982282
25985019
25994018
25998713
26000489
26002753
26021490
26037647
26041145
26050618
26050648
26051236
26055304
26080840
26095772
26108694
26123647
26133723
26144315
26150740
26184075
26200454
26206867
26216294
26255626
26261251
26264378
26268891
26274561
26279204
26286086
26287849
26316776
26324360
26324363
26324739
26338797
26343582
26345759
26351323
26370156
26383637
26389665
26396737
26419508
26432419
26442967
26464158
26503325
26520804
26540169
26554404
26561417
26565915
26566875
26571394
26578684
26582713
26590264
26598747
26599395
26603524
26619011
26627007
26633560
26644315
26647308
26673800
26680512
26686699
26698910
26708155
26729443
26732095
26742426
26759240
26768165
26776917
26786851
26812021
26822949
26829053
26836308
26841430
26842758
26849637
26854029
26864202
26888048
26892698
26917230
26951660
26973240
26989027
27007084
27009859
27010239
27021554
27049722
27080216
27126994
27135738
27147599
27228302
27245685
27283860
27399332
27401242
2790960
2827175
2846277
2869410
2875799
2876518
2885917
2927393
3037531
3043178
3422516
3500184
3570596
3785223
3874430
4125056
565077
7479840
7501543
7511045
7543680
7545954
7565764
7585611
7585632
7647780
7655464
7655472
7700648
7710951
7726159
7731690
7731694
7777061
7795646
7805034
7821711
7824936
7851906
7862150
7867061
7877967
7892206
7929053
7970732
7987387
8023157
8052651
8072530
8077049
8078588
8101826
8114739
8114756
8162068
8168137
8187069
8196650
8246952
8275088
8393854
8502472
8566964
8569172
8592341
8603820
8605035
8618861
8622988
8640234
8646779
8668164
8681380
8755580
8755727
8782823
8816814
8834176
8843194
8895767
8923465
8942979
8955068
8962143
8968741
8995293
9003501
9008167
9065402
9065403
9092797
9094310
9111312
9121432
9121764
9131587
9136983
9145676
9150172
9150739
9159158
9172002
9194486
9214508
9214616
9219684
9228064
9230192
9234721
9259327
9302992
9324288
9326929
9331106
9360930
9389684
9398213
9419974
9422511
9426066
9438854
9463314
9467011
9472732
9473235
9479825
9482732
9482899
9488046
9488480
9500442
9506519
9506724
9510473
9516223
9523192
9537226
9554529
9563489
9564049
9580660
9591781
9605748
9606188
9607312
9616134
9618505
9635572
9637706
9653171
9660926
9668168
9671767
9671804
9681850
9690513
9697690
9712735
9724771
9733515
9771714
9774463
9788437
9792703
9808525
9809982
9811473
9811831
9815822
9819404
9822680
9826708
9826715
9832503
9834205
9837816
9843996
9870683
9887330
9892177
9927033
9927034
9927040
9988270
9989495
