10049939
10049940
10049951
10064075
10064076
10209953
10330445
10334988
10352307
10361129
10363990
10384152
10395702
10397256
10397259
10399963
10403642
10453041
10473111
10488742
10540345
10554034
10582700
10597191
10601354
10607714
10618430
10652158
10681453
10684854
10725708
10746786
10759561
10790436
10820289
10820291
10861482
10878395
10958359
10987296
10987298
11005863
11093150
11103782
11120859
11136822
11160356
11259659
11260504
11325844
11358829
11369790
11391614
11394498
11406551
11433388
11559563
11565834
11591807
11606397
11745343
11782380
11823502
11854353
11859131
11971032
11980655
11992410
12023395
12036907
12045238
12077288
12135425
12231526
12234976
12359760
12359761
12366779
12374692
12393675
12421991
12432553
12454745
12473604
12492812
12538712
12538723
12591737
12794170
12817001
1402688
14566839
14581345
14583468
14601650
14617050
14624313
14634146
14679013
14707109
14724640
14726960
14738769
14764691
14770079
14871853
14996715
14999777
15001714
15027125
15067093
15085202
15102695
15104676
15128789
15153546
15197261
15264237
15289353
15382048
15447989
15495271
15546337
15596411
15623641
15661941
15695408
15713214
15728473
15814740
15845894
15900605
15958640
15998788
16025263
16033842
16061876
16166448
16187088
16247014
16287085
16428478
16446550
16551878
16585607
16630140
16651449
16675560
16814609
16818660
16850344
16888034
16988823
17082590
17096150
17114498
17119119
17189421
17294448
17332921
17414319
17447064
17515399
17545542
17545632
17548607
17914578
17974998
18097665
18157007
18253733
18317363
18381453
18415097
18626012
18663444
18765542
18829564
18927298
18936238
19176376
19531622
19581576
19738905
20140431
20665979
20670945
20696919
20857101
21080167
21087352
21152437
21179034
21207413
21216894
21231984
21461886
21595801
21630107
21670269
21687943
21697763
21760531
21785964
21858810
21874303
22109656
22529286
22678898
7513441
7516411
7522162
7539040
7541395
7543520
7544395
7629885
7644523
7652577
7706734
7805731
7807017
7895173
8022805
8095167
8113684
8125142
8393050
8566071
8606058
8642255
8642259
8642260
8642306
8676070
8781117
8896419
8943411
8962118
8976176
9029118
9047241
9048833
9200467
9271594
9311595
9432985
9443408
9455808
9485028
9485210
9498746
9544234
9551926
9593785
9637538
9664088
9743519
9759882
9797143
9809996
9823312
9823325
9862734
9927058
9935237
9973436
9973437
