11022011
12426569
12740691
14578305
15599641
15604251
15752431
15761122
15793258
15940393
16155738
16221758
16252231
16549820
16648850
17052657
17053108
17053149
17066261
17068223
17099884
17158188
17159887
17200173
17206144
17211523
17255346
17293876
17309882
17357082
17362836
17395743
17401363
17401366
17407593
17434096
17434869
17435756
17447842
17460697
17463246
17463248
17463249
17470457
17474819
17478679
17478681
17486107
17505501
17529967
17529973
17529974
17553421
17554260
17554261
17554300
17558408
17587057
17603472
17603485
17611496
17618283
17618284
17632509
17632545
17634447
17634449
17637780
17641165
17653210
17658951
17660530
17667963
17668382
17671248
17671797
17684495
17684544
17690259
17767157
17767159
17804789
17804836
17827064
17846124
17846125
17846126
17848626
17855449
17903292
17903293
17903294
17903295
17903296
17903297
17903298
17903299
17903300
17903301
17903302
17903303
17903304
17903305
17903306
17903307
17903308
17911428
17934461
17952075
17975299
17982456
17997608
17998437
17999355
18003638
18057069
18058064
18067574
18073375
18075462
18084291
18159244
18179892
18179894
18193043
18193044
18193045
18193046
18195134
18198356
18204098
18204446
18204447
18219441
18227835
18239089
18245381
18252221
18262040
18264096
18264097
18264098
18282107
18311140
18317468
18325910
18326623
18327256
18327257
18332876
18347602
18364390
18369459
18372901
18372903
18372905
18385676
18385738
18385739
18391950
18391951
18391952
18403759
18439548
18439552
18445777
18449908
18451265
18454146
18454148
18455228
18463370
18464913
18471798
18483556
18488026
18488028
18488030
18514160
18519826
18521090
18521091
18521185
18535201
18576341
18587394
18591461
18594024
18604267
18615156
18622395
18650507
18660810
18668548
18677311
18711365
18711366
18711367
18723019
18758461
18758464
18759275
18762592
18776911
18776929
18780872
18794853
18794855
18802019
18820697
18821564
18821565
18823527
18834626
18835860
18836448
18839057
18840781
18846228
18846501
18849991
18849993
18849994
18937294
18940312
18941528
18951430
18952825
18957941
18976728
18978787
18978790
18978792
18980221
18985386
18987618
18991354
18997785
18997786
19010793
19011631
19016617
19023125
19030899
19039035
19043545
19047183
19056611
19060906
19060907
19060909
19060910
19060911
19065144
19074352
19079260
19079261
19079262
19081515
19084217
19096518
19107115
19110211
19114657
19115949
19116933
19117981
19118814
19122664
19124843
19132087
19136949
19148276
19151714
19151717
19165155
19165232
19165918
19165924
19169254
19169255
19176441
19181680
19182806
19184112
19185284
19187332
19188921
19193627
19196962
19197348
19197363
19198609
19198610
19198611
19198612
19198613
19207018
19219042
19221038
19230858
19242412
19247474
19249006
19252134
19259986
19260139
19260141
19268274
19268276
19270707
19278955
19282985
19286673
19287384
19287509
19300482
19300499
19300500
19303062
19304780
19305408
19305409
19330027
19330030
19340012
19343178
19349983
19349984
19359809
19367585
19369658
19389651
19389676
19396169
19401414
19403135
19404256
19412175
19412176
19414484
19414679
19416921
19419973
19421330
19426955
19430479
19430480
19430482
19430483
19430760
19442274
19448189
19448619
19448620
19448621
19448622
19448623
19451621
19454037
19456320
19458352
19461586
19465909
19478329
19478819
19483681
19483682
19483685
19488044
19497516
19503088
19503597
19508968
19508998
19525478
19525953
19525955
19536264
19553259
19557161
19557197
19561606
19567438
19567891
19570815
19571808
19571809
19571811
19578179
19578364
19578365
19578366
19578367
19581569
19584346
19584900
19587794
19597491
19597492
19609347
19620980
19625618
19629137
19648919
19648920
19651812
19654303
19656524
19664746
19668339
19679847
19680635
19684573
19684603
19684604
19698717
19706858
19714205
19714249
19721433
19723657
19724244
19727025
19729412
19729612
19734545
19734900
19734901
19734902
19734903
19736353
19740415
19744961
19749757
19749758
19754311
19767753
19767754
19772629
19779542
19786962
19798445
19801982
19802338
19812673
19820697
19820698
19820699
19836008
19838193
19846067
19850125
19850283
19851299
19853236
19862010
19874204
19875103
19875614
19880490
19890347
19893584
19896111
19897590
19898621
19901119
19902172
19910028
19910030
19913121
19915572
19915573
19915574
19915575
19915576
19929986
19936222
19944697
19950302
19959718
19961619
19966805
20009918
20010834
20010835
20011104
20014019
20018283
20018918
20018961
20023658
20029952
20031538
20031576
20031577
20031578
20031579
20031582
20031603
20031604
20032318
20032323
20037589
20038947
20038948
20039944
20041166
20042462
20044523
20045101
20060832
20061627
20062060
20062061
20062062
20062063
20062064
20064070
20066004
20066028
20068591
20070850
20072603
20081856
20081857
20081858
20096396
20098615
20100581
20101243
20112360
20117844
20125088
20125193
20139977
20139978
20147318
20150558
20152958
20154341
20154673
20158304
20159110
20159113
20159242
20164292
20167575
20167578
20169177
20171287
20172861
20173735
20173747
20173748
20174558
20175129
20183929
20185149
20189245
20189936
20190752
20195266
20195514
20197096
20200953
20201924
20202923
20205591
20208534
20212171
20215924
20222955
20228798
20228799
20231535
20237162
20303062
20303064
20304703
20304771
20305777
20308991
20332263
20339536
20345837
20347642
20348956
20350937
20351715
20360315
20363506
20364137
20368705
20370913
20372150
20383145
20383146
20383147
20385819
20385826
20386566
20395239
20397748
20398887
20400458
20400778
20410501
20418485
20418489
20418888
20418889
20418890
20421487
20421499
20421936
20436469
20436471
20442857
20445134
20451256
20452100
20453838
20453840
20453841
20453842
20460270
20460622
20463552
20463881
20484958
20485516
20487506
20512145
20516156
20520587
20522523
20526338
20526339
20528957
20529293
20529992
20532800
20534544
20541252
20543847
20548944
20548946
20558539
20558613
20570966
20581827
20585324
20585626
20585627
20592726
20595579
20595679
20596022
20598377
20600896
20601957
20602913
20610541
20610895
20613766
20619826
20622878
20622879
20622880
20622881
20628086
20634892
20637204
20639392
20639394
20639878
20639880
20639881
20657596
20657648
20659327
20661308
20662065
20663923
20664687
20668430
20668459
20671926
20673876
20675712
20676096
20676098
20686565
20686608
20686651
20691247
20694011
20694013
20694014
20694148
20698975
20700438
20700443
20704485
20705733
20706608
20707712
20708005
20709820
20711174
20711176
20711177
20713499
20719862
20729852
20729853
20732625
20732626
20732627
20800221
20801717
20801718
20802025
20802204
20802479
20808326
20811658
20818381
20818722
20825314
20826269
20830292
20832056
20833655
20833657
20834067
20835236
20835238
20835239
20838585
20844546
20848476
20849430
20852631
20852632
20852633
20858683
20860503
20861866
20862305
20864672
20871597
20871662
20872241
20876420
20876611
20876614
20877124
20877300
20881960
20884846
20885792
20887962
20889312
20920776
20921969
20923822
20927387
20932310
20932654
20935629
20935630
20939080
20947153
20953186
20953187
20953188
20953189
20953190
20966902
20972438
20972440
20975947
20978177
20978265
20981099
20981236
21037115
21037568
21041247
21041692
21042317
21044948
21044949
21048783
21051598
21051773
21057379
21059979
21059989
21060006
21060860
21060863
21061259
21062454
21062987
21063236
21068099
21072045
21072201
21076409
21079520
21079607
21082022
21084426
21087763
21088011
21094521
21095009
21098505
21098978
21102462
21102463
21104366
21105107
21106707
21107309
21107343
21113153
21116278
21118971
21123754
21124317
21124946
21124955
21130132
21130836
21131588
21131975
21139019
21149283
21149285
21150874
21150878
21151127
21151128
21151130
21151189
21153663
21156761
21160077
21160409
21172079
21173776
21177295
21177773
21182207
21184583
21186350
21194676
21196492
21197116
21203500
21208937
21211798
21212386
21214922
21216876
21216879
21221126
21221998
21223598
21228123
21228793
21239051
21239504
21242121
21242260
21244703
21248740
21251332
21254220
21257790
21258085
21263130
21270382
21273288
21278746
21283740
21283782
21292315
21294900
21297633
21298027
21298047
21300955
21302346
21302353
21305692
21307088
21310492
21314694
21314952
21316307
21316860
21323541
21326295
21326311
21326860
21339755
21346779
21347282
21347284
21348951
21353194
21355061
21357676
21359210
21364930
21368711
21372407
21378095
21378986
21378987
21378988
21378990
21379329
21383967
21386085
21386754
21390209
21396408
21399633
21399635
21408207
21418511
21422096
21423239
21423719
21424380
21424828
21427758
21428769
21436895
21437268
21441570
21441931
21448234
21448238
21452313
21459883
21460395
21460840
21460841
21460842
21461030
21467234
21471458
21471979
21473668
21478428
21478494
21483023
21483430
21483694
21483845
21490045
21490707
21490949
21493818
21493956
21497890
21499248
21499250
21502085
21502573
21502949
21502966
21505071
21505073
21507922
21519539
21521612
21529783
21531791
21532571
21533022
21533024
21533074
21533175
21534939
21540310
21540461
21541012
21544081
21546496
21546767
21551455
21552555
21565293
21570397
21572414
21572416
21573004
21573014
21573128
21573907
21589926
21592478
21602797
21602798
21606135
21612516
21618603
21621269
21622719
21623375
21625490
21626137
21627779
21640322
21642993
21646302
21647700
21647738
21653640
21654844
21658281
21659334
21659360
21665988
21665990
21665993
21665994
21666691
21666692
21668797
21673997
21674006
21676895
21679298
21681796
21682944
21685187
21685912
21688384
21694509
21694764
21696813
21698098
21699788
21700265
21700618
21700879
21701565
21701570
21703177
21703634
21706003
21706340
21708048
21716314
21725308
21725309
21729881
21732829
21737656
21738478
21738479
21738480
21738484
21738487
21738491
21740922
21743057
21743467
21743469
21747397
21750109
21750111
21750679
21750702
21755009
21757650
21757653
21760914
21761138
21764829
21768215
21771265
21771975
21775533
21777205
21779176
21779181
21779381
21782286
21784300
21785125
21787189
21790008
21791550
21795503
21799462
21799836
21801394
21804547
21804548
21804549
21810271
21810643
21810746
21811574
21812969
21814517
21818250
21818773
21824976
21826061
21826085
21826682
21827660
21828061
21829377
21829389
21829393
21833088
21835309
21836138
21841780
21844665
21844884
21845381
21846871
21846873
21849791
21852955
21862451
21863005
21866343
21871595
21871609
21873549
21874001
21876473
21876539
21876681
21878436
21878437
21880673
21886157
21896673
21897333
21900290
21900944
21900946
21901158
21907864
21908515
21908519
21909106
21909107
21909108
21909109
21909110
21909115
21912186
21912425
21921092
21926416
21926972
21926974
21927923
21931561
21931564
21931568
21935397
21940522
21940970
21943158
21946350
21946351
21947420
21956439
21957438
21961650
21964575
21966275
21971053
21977987
21979947
21980299
21980348
21980494
21981779
21983785
21983786
21983787
21989058
21990027
21991891
21993531
21996601
21998595
21998597
22001756
22001757
22003120
22003152
22004137
22004471
22004975
22005930
22005931
22006218
22010048
22010049
22012869
22013104
22019778
22019779
22020760
22021425
22022282
22027014
22027810
22028671
22029572
22030708
22032556
22036096
22037551
22037552
22037553
22037555
22037903
22041458
22044751
22047184
22054870
22055160
22057235
22058429
22059935
22064162
22065538
22068335
22072270
22072498
22075249
22075330
22076464
22080838
22081228
22085899
22086417
22087292
22091778
22095909
22096494
22100073
22101970
22105264
22105620
22105623
22116812
22116939
22116950
22120009
22125219
22126837
22130093
22131368
22132133
22137330
22138694
22139419
22140272
22140526
22142827
22144573
22144915
22156575
22158537
22158540
22159054
22170361
22170493
22171074
22174011
22174390
22174851
22174901
22178785
22180457
22182935
22184326
22188591
22190364
22190428
22197929
22197932
22197933
22199011
22205395
22205951
22210626
22216198
22216288
22219177
22228203
22229870
22232737
22233651
22238593
22239941
22247754
22267200
22267201
22279548
22286170
22286173
22286212
22286219
22290723
22291604
22291609
22293537
22293688
22295056
22306650
22306652
22306654
22310353
22318345
22319020
22322875
22327514
22331829
22341974
22342860
22343285
22344219
22344221
22354554
22359512
22365631
22367966
22368281
22379998
22383897
22384028
22384361
22387998
22388998
22396660
22399142
22399527
22403646
22412388
22417934
22419666
22419738
22420046
22423221
22424883
22425255
22428042
22430674
22437316
22437554
22438815
22443383
22445761
22446040
22446961
22446962
22446963
22449649
22451204
22452962
22455414
22456796
22457343
22466613
22470424
22472174
22472876
22479191
22479202
22479309
22479419
22482804
22484627
22488850
22491018
22492993
22493691
22494929
22497812
22503698
22504417
22504418
22504419
22504420
22504421
22508271
22509378
22511988
22524403
22532574
22538805
22541561
22542470
22544364
22544366
22554406
22556244
22558069
22558097
22560479
22561518
22561531
22566498
22566560
22566624
22566634
22569225
22570617
22570627
22570697
22581228
22584459
22589738
22589742
22605921
22610502
22628157
22628180
22633400
22634755
22637743
22648509
22658654
22658931
22664479
22666496
22672568
22673310
22673963
22675492
22683712
22683750
22685421
22688191
22693455
22693459
22694956
22699663
22700719
22703881
22704111
22705344
22719876
22726844
22737229
22739583
22744181
22745009
22745674
22747683
22751097
22754043
22760553
22763110
22763476
22764253
22773346
22780124
22788528
22791750
22792070
22792071
22792082
22792221
22797724
22797727
22807686
22808956
22814818
22821403
22823124
22829776
22832960
22832961
22832964
22837378
22837380
22841784
22843503
22843504
22863731
22863734
22864923
22864933
22872573
22881374
22883433
22885689
22885925
22886559
22889921
22889924
22890011
22895189
22899653
22903471
22907691
22911880
22916037
22922875
22923026
22923054
22925353
22936669
22936694
22936702
22939635
22941190
22941191
22949513
22951594
22951725
22952603
22956598
22959728
22960237
22960999
22961001
22961080
22961961
22968431
22969067
22976474
22982463
22982992
22990015
22990020
22993228
23000144
23001122
23001564
23001997
23006423
23007406
23017229
23022100
23023329
23028341
23028342
23028356
23028483
23031429
23041239
23042114
23043469
23047291
23049088
23049750
23053960
23055271
23056639
23064961
23065704
23067351
23092984
23103227
23104006
23108145
23108985
23118302
23118916
23118974
23128233
23137000
23139255
23142968
23143601
23143602
23144319
23144326
23146381
23149075
23150908
23151678
23160099
23166209
23180272
23180869
23181788
23183192
23183491
23184150
23192594
23202124
23207651
23207799
23209189
23209447
23212062
23213074
23216389
23218918
23222517
23223146
23225573
23229837
23233662
23241943
23242368
23247143
23247145
23251661
23259602
23263445
23263486
23263487
23263863
23266556
23266558
23267103
23269536
23273568
23279374
23281178
23284291
23290196
23291585
23291587
23291589
23297363
23300138
23300278
23300701
23303382
23307926
23314186
23319000
23319801
23321320
23322567
23326239
23326512
23326517
23328707
23341777
23349225
23349640
23350875
23354978
23358156
23358160
23359319
23362303
23364009
23364394
23371916
23372041
23374588
23376709
23377640
23378610
23381795
23381943
23382691
23382809
23386860
23388002
23393555
23396134
23400010
23401653
23406172
23406873
23408906
23412934
23417110
23419831
23420232
23423138
23432519
23437003
23446634
23449627
23453885
23455491
23455636
23455637
23456092
23456168
23459443
23459936
23463857
23467860
23468962
23470693
23471985
23472165
23472185
23474815
23478653
23480133
23482656
23493294
23496005
23502781
23502783
23505323
23508266
23508960
23509613
23509962
23511034
23512250
23517042
23518928
23527680
23532257
23533358
23534349
23535033
23535729
23535730
23535732
23535733
23535734
23535911
23535967
23541324
23544013
23548203
23551011
23555189
23555300
23561647
23562540
23562823
23563607
23563609
23565137
23568457
23571587
23572186
23575227
23575436
23577725
23583978
23583979
23583980
23585552
23593202
23593239
23594818
23599027
23612905
23620142
23620144
23624525
23626673
23633212
23636237
23642732
23643386
23644492
23646285
23648065
23650146
23652523
23658558
23661040
23665963
23666238
23666239
23666240
23667675
23668334
23669352
23670970
23677057
23678272
23696099
23698163
23703922
23704207
23704328
23708190
23708191
23717212
23719583
23720494
23722424
23725790
23726366
23726511
23726668
23727862
23728906
23728934
23732972
23738518
23740775
23740937
23743675
23746317
23749188
23753411
23754948
23755828
23760081
23761726
23770605
23776197
23776548
23785401
23793025
23793441
23805179
23817569
23817570
23817571
23818313
23823136
23824729
23827383
23829686
23834954
23836780
23838604
23844046
23850713
23853074
23857890
23870195
23871474
23872634
23874384
23886662
23894154
23894747
23897914
23900074
23903073
23903356
23910658
23918034
23918589
23921680
23932459
23933737
23934736
23935489
23935956
23936387
23937595
23942779
23945395
23953852
23955597
23958962
23962720
23966204
23966867
23967269
23969696
23972371
23974705
23974872
23979607
23982368
23983088
23984888
23989729
23989986
23990791
23996088
23999434
24001895
24002674
24009623
24014518
24023260
24023261
24023777
24023788
24024963
24024966
24025145
24026423
24029427
24039173
24043878
24045676
24046328
24047820
24047826
24049095
24057671
24058526
24064335
24065183
24065354
24068947
24068962
24080187
24080446
24086445
24094242
24096698
24097066
24097068
24101674
24105470
24114350
24121790
24123702
24124408
24124411
24132900
24133439
24141364
24143190
24143882
24144296
24149102
24152035
24159190
24162737
24162738
24163127
24165912
24166486
24172245
24182552
24185611
24192120
24204295
24204828
24216480
24223155
24256812
24449572
