10022751
10071185
10091406
10101295
10208650
10233211
10393963
10411572
10481059
10498402
10523341
10544257
10591545
10611371
10643148
10652619
10683861
10692979
10716719
10736278
10739168
10803677
10823405
10867985
10889552
10901705
10904024
10959796
10999944
11127854
11156391
11160862
11207035
11222389
11222464
11230366
11250978
11278503
11294926
11304783
11311507
11318841
11337938
11394901
11408373
11418485
11434506
11470997
11496364
11503014
11505220
11505224
11545752
11547828
11555601
11586955
11593098
11602521
11668216
11668219
11692083
11699055
11710708
11721885
11723016
11751037
11763009
11779172
11809184
11823761
11866883
11875366
11882573
11888582
11907712
11913730
11926892
11937185
11990381
11994059
11997281
12042667
12065748
12082591
12137804
12162507
12175731
12181437
12189368
12193783
12325023
12370763
12371972
12374640
12411325
12429347
12439220
12439223
12445030
12453860
12464799
12464801
12492608
12496751
12522467
12545140
12563174
12576843
12608943
12610044
12623934
12627468
12651279
12668988
12684679
12686700
12709726
12732846
12739761
12810179
12811365
12825092
12835612
12837457
12844134
12844137
12852830
12893985
12912815
12914549
12915598
12920202
12921807
12966368
12969965
12972956
12975461
1415224
14500339
14502278
14515060
14520706
14522928
14534524
14534525
14553962
14583680
14583682
14586389
14597963
14600574
14635116
14643574
14647407
14647408
14660992
14662702
14707031
14711599
14735111
14747421
14765194
14973106
15007088
15007373
15017333
15033882
15044381
15044558
15051775
15057820
15073101
15077009
15093672
15116053
15116054
15118073
15121491
15122075
15126005
15128701
15138244
15150618
15179405
15183620
15194512
15199031
15205367
15206669
15213713
15226675
15228163
15229462
15247625
15282199
15282200
15284535
15284538
15286066
15297419
15358623
15377847
15385937
15452306
15453913
15457444
15492764
15500895
15505641
15521904
15522280
15525999
15564880
15565110
15569990
15572581
15591715
15604153
15608594
15618701
15622315
15632378
15634941
15666332
15677700
15692831
15694263
15707415
15713801
15722458
15731592
15735607
15739035
15743917
15746444
15757620
15761113
15767339
15773232
15778422
15781665
15790597
15795539
15797993
15805193
15809899
15814642
15824464
15830237
15849225
15857428
15860653
15861036
15861037
15864115
15864119
15864131
15879433
15883587
15888487
15897572
15900015
15900215
15914676
15918040
15930419
15940289
15961980
15970794
15980104
15987423
15992732
15993850
15993855
16004559
16013960
16019535
16041240
16041243
16043828
16044105
16084854
16103896
16115929
16115930
16123753
16130010
16141802
16151913
16153401
16172412
16181985
16182121
16203769
16204011
16220110
16220112
16249645
16257277
16258541
16267764
16270629
16272958
16293801
16299241
16314886
16315267
16322642
16330681
16331627
16338278
16361630
16378601
16385453
16386926
16401468
16402128
16405973
16413245
16415921
16417409
16432637
16433794
16433808
16439441
16452582
16453024
16462575
16463153
16467099
16475872
16490169
16495778
16501586
16513877
16522833
16538175
16538176
16542858
16572443
16580898
16581111
16595597
16604300
16609067
16611750
16638956
16642436
16676068
16677176
16678543
16678544
16707601
16724011
16734940
16753003
16769602
16770646
16784736
16788380
16791115
16815314
16815317
16815679
16818689
16819548
16822847
16841220
16844790
16865253
16870553
16875718
16876132
16890579
16906016
16909270
16912157
16912956
16912957
16920564
16947783
16950614
16952495
16956694
16958828
16961627
16985250
16998491
16999998
17000685
17001291
17015050
17015053
17020982
17038883
17047654
17049586
17050801
17064846
17083032
17085664
17105675
17106442
17108811
17111199
17111267
17112805
17121937
17125969
17148776
17156920
17165084
17178266
17180579
17186005
17189961
17190370
17192893
17192902
17194903
17196743
17203168
17206635
17224914
17224915
17235330
17244352
17258395
17264302
17267622
17285735
17286537
17290447
17301694
17306068
17317677
17323057
17325736
17329985
17329997
17335544
17337040
17339526
17341693
17344938
17355169
17361120
17367411
17370067
17375033
17376224
17387341
17394430
17400324
17401013
17404734
17409936
17410198
17413111
17417073
17429313
17434921
17457342
17460608
17460754
17467803
17473659
17473846
17488658
17495879
17495880
17496726
17503978
17507615
17512587
17519421
17521963
17522595
17529887
17534376
17537913
17548664
17548750
17549067
17555717
17558310
17559344
17559346
17563401
17577039
17588543
17597605
17597712
17600820
17602053
17602083
17606663
17609683
17611010
17611986
17616786
17622941
17625515
17654295
17671280
17681167
17687269
17688403
17693647
17700361
17700364
17700593
17702092
17704420
17709632
17713466
17724700
1774074
17767146
17803810
17848752
17851563
17855192
17898344
17898703
17909004
17913323
17925385
17950035
17959715
17976958
17980418
17989061
18004207
18004211
18006781
18021981
18024866
18025780
18047755
18050121
18057531
18058343
18070221
18075464
18075470
18086475
18093943
18156033
18162312
18180754
18187595
18187806
18191112
18192896
18192898
18195729
18204343
18212314
18212800
18215618
18216723
18222353
18222355
18222980
18234403
18245543
18245544
18247058
18250228
18250251
18253134
18256392
18256692
18261733
18267032
18270208
18281305
18292785
18294295
18294333
18299612
18300939
18303965
18305455
18305461
18309947
18320559
18322281
18322994
18325643
18332269
18334914
18334915
18334919
18334920
18335219
18346175
18347181
18347610
18347611
18349090
18349289
18349392
18349398
18357466
18360915
18368069
18368507
18377430
18380793
18381794
18385676
18385739
18387740
18398146
18398970
18408560
18408561
18408563
18421452
18425130
18443386
18443790
18451141
18452418
18455228
18457324
18458567
18473752
18484082
18485328
18496125
18496129
18496682
18504423
18509327
18511696
18511948
18521091
18535201
18537153
18539200
18539621
18540691
18544707
18544910
18551042
18551043
18559695
18565259
18576903
18580170
18591455
18591461
18593715
18593894
18594024
18596266
18597649
18600527
18615004
18615156
18617639
18618000
18618621
18637831
18650507
18652519
18681781
18685564
18687167
18687376
18693052
18698229
18713495
18717915
18719619
18759275
18759349
18779360
18781850
18781852
18784617
18794724
18794726
18794727
18794729
18798002
18815589
18816295
18828808
18836089
18851956
18854753
18854776
18854779
18854828
18855526
18855529
18855532
18926547
18941913
18957472
18981003
18981009
18981587
18992959
19005160
19005482
19010874
19016697
19016765
19018717
19018870
19019189
19020788
19022938
19037197
19047159
19052714
19057513
19076156
19077664
19088262
19093297
19104657
19106083
19106084
19112496
19119263
19129747
19142101
19143748
19145769
19148563
19151602
19159907
19166419
19176441
19185566
19193342
19193628
19193698
19201048
19203783
19204081
19204908
19207029
19207032
19210659
19219602
19228205
19228618
19233181
19238117
19238649
19247217
19247266
19255940
19258929
19268276
19270263
19272758
19273465
19274060
19280158
19285054
19289736
19290018
19300499
19307503
19319668
19339912
19350112
19357842
19362955
19365399
19365401
19369910
19371316
19373123
19374892
19376514
19381165
19381876
19384296
19396436
19400747
19414708
19428704
19434072
19434073
19440701
19450124
19451915
19458626
19467705
19473056
19473722
19474787
19483685
19494443
19500084
19504558
19506579
19509150
19515727
19530960
19530961
19564049
19578179
19581389
19584173
19589612
19593168
19603545
19604090
19605407
19617466
19617864
19620853
19620936
19622037
19625999
19628728
19635985
19636336
19636338
19638460
19648163
19650939
19659438
19671875
19672597
19676097
19684573
19684603
19686464
19690618
19692680
19692684
1969501
19696695
19696792
19696793
19704415
19706858
19733552
19741565
19744011
19749757
19752882
19752884
19752885
19756153
19761367
19770842
19776292
19779319
19785625
19786980
19794411
19794412
19800133
19801957
19809024
19827168
19833260
19841321
19842932
19845430
19855097
19858398
19858780
19859084
19861437
19862937
19863340
19865079
19873684
19884611
19884907
19890249
19891553
19898263
19898482
19901119
19902562
19907160
19916996
19921195
19924111
19932356
19937159
19940985
19952982
19997080
20007405
20017669
20017670
20022809
20029384
20031551
20031608
20035425
20038723
20038957
20040338
20048079
20051929
20054294
20065889
20066004
20072124
20078613
20083681
20089352
20107201
20116071
20124171
20125119
20125120
20129249
20130569
20136356
20138334
20157331
20165956
20168265
20175818
20179710
20182420
20194480
20194698
20195289
20195290
20200426
20200517
20203262
20207952
20212518
20212519
20216337
20220551
20223877
20235788
20300048
20304699
20309015
20309874
20335220
20347093
20351750
20358205
20360315
20362271
20368718
20375926
20385995
20386493
20390257
20392357
20403997
20417680
20436376
20442691
20450993
20453658
20456087
20459744
20470215
20471098
20472929
20505544
20507294
20514079
20520601
20520804
20526235
20530282
20538124
20548327
20555294
20568049
20573926
20577141
20585342
20592726
20595278
20602614
20602621
20619611
20622880
20631561
20634689
20638924
20641098
20643483
20647221
20653676
20662624
20664489
20665215
20670920
20673984
20679960
20679962
20680028
20680652
20694283
20707787
20712529
20714149
20714340
20716240
20723261
20797314
20801494
20801498
20804372
20809084
20809970
20812847
20818295
20818834
20819423
20819434
20826260
20827233
20827267
20829635
20831907
20833655
20833980
20838391
20838448
20840187
20847201
20847308
20849243
20854418
20855458
20858905
20859243
20859245
20860460
20860462
20860463
20860465
20863444
20863575
20872712
20877297
20877301
20881950
20886236
20886544
20887379
20921307
20921925
20921968
20921970
20931559
20932673
20938339
20938465
20941486
20959500
20964522
20970119
20973039
20979470
21029375
21037509
21046104
21047199
21047200
21047201
21047202
21047205
21048934
21052031
21052032
21057378
21063236
21068134
21068649
21076384
21079520
21081473
21084764
21086123
21094359
21095016
21104443
21107315
21107318
21109570
21110192
21112660
21114608
21118971
21121772
21121773
21121774
21121776
21121812
21127421
21127457
21128988
21142914
21142915
21142918
21145807
21148049
21148426
21149285
21150907
21151198
21151627
21156931
21157362
21159314
21164499
21167658
21170047
21173786
21174619
21174621
21178985
21178986
21183746
21186350
21192344
21192345
21196316
21205745
21206424
21228733
21228734
21233402
21239504
21241071
21243006
21246582
21247998
21248300
21254157
21254158
21261619
21261721
21262916
21262992
21266946
21269061
21270790
21273624
21274861
21278619
21280267
21281405
21282933
21289623
21301380
21321200
21325291
21325430
21326246
21327909
21331500
21332310
21332312
21332314
21332319
21338649
21343546
21346624
21348951
21355884
21357676
21358749
21358750
21358751
21360545
21362365
21362378
21368754
21374656
21383334
21383338
21383771
21383772
21385923
21386754
21388237
21391883
21391884
21392617
21393201
21393610
21396799
21410976
21418140
21427285
21428769
21430269
21430602
21430647
21435719
21441248
21447862
21449672
21449675
21449676
21449681
21449848
21451505
21453355
21458191
21479364
21487324
21490707
21491142
21494765
21498394
21502966
21503910
21503919
21505315
21510767
21517810
21519338
21521021
21521023
21527445
21537551
21540761
21540762
21545408
21558457
21561445
21562465
21562485
21570397
21593735
21593757
21599570
21605004
21606533
21606946
21606948
21614492
21625252
21625751
21628662
21628669
21628721
21633340
21635144
21635146
21635147
21640195
21642471
21647174
21659470
21663814
21673069
21685474
21689142
21691274
21692613
21692745
21692828
21700758
21709081
21715435
21723677
21726252
21739446
21740768
21741447
21745312
21747410
21747412
21747589
21749219
21753138
21764527
21769110
21770725
21779873
21781277
21783417
21787189
21788965
21795085
21799461
21803869
21806385
21806386
21806387
21806388
21808284
21808285
21810746
21814190
21819368
21819538
21824325
21826085
21826087
21830868
21832968
21844885
21851379
21856293
21860339
21862974
21868014
21878834
21880792
21881565
21883387
21886016
21892003
21892778
21900104
21900198
21900837
21900886
21902499
21902500
21902501
21902502
21902503
21912424
21912425
21915484
21918510
21919605
21921847
21928084
21931346
21933224
21934636
21934637
21939494
21940774
21946895
21946896
21946898
21947681
21951981
21956618
21958076
21961091
21961650
21961651
21969500
21975350
21977987
21980041
21985811
21987091
21989078
21991891
21993215
21993426
21995462
22001987
22004471
22006095
22006347
22007612
22012226
22012471
22015057
22015088
22016628
22022402
22026922
22026923
22027652
22040439
22041458
22044939
22045187
22047493
22052985
22064666
22082652
22088980
22092036
22100668
22106207
22108237
22111602
22111603
22117530
22120873
22124095
22134350
22142827
22143415
22144180
22151084
22158330
22158331
22158333
22158445
22162992
22174377
22176616
22179955
22180457
22186618
22188122
22188361
22188362
22192668
22197535
22212731
22212732
22215752
22228204
22231565
22231567
22237259
22248286
22248724
22249355
22256867
22267851
22271297
22285168
22293537
22296034
22304580
22310351
22310352
22310353
22329723
22335459
22341855
22345656
22350108
22354160
22366774
22370314
22373943
22378156
22379997
22379998
22383668
22385882
22391769
22405131
22426923
22438096
22440088
22450926
22462746
22462752
22471906
22484315
22485222
22486600
22491017
22495174
22506592
22516052
22525200
22527101
22528326
22534499
22534871
22538805
22541248
22547144
22555810
22565219
22566498
22569203
22571356
22577108
22581822
22584459
22584460
22587422
22588607
22594507
22594510
22617224
22623212
22626609
22630058
22641026
22641027
22641028
22648373
22664477
22664479
22664480
22668755
22676192
22676193
22676194
22680342
22682551
22688218
22688219
22713701
22723959
22725681
22726630
22735389
22740981
22751958
22760226
22776887
22786571
22792082
22801493
22815852
22831980
22838948
22838949
22838950
22843789
22846425
22863269
22868256
22871975
22871995
22882994
22890915
22907730
22907731
22907732
22909202
22909208
22912756
22920393
22920394
22926161
22927450
22940005
22941032
22948895
22949529
22954510
22982650
22986918
22990067
22990751
23007311
23007406
23007924
23026813
23033116
23069858
23073208
23089671
23089673
23111421
23131881
23132553
23132554
23147717
23149928
23150151
23158458
23166513
23190413
23213055
23233654
23233662
2915989
7550366
7617034
7862671
8561894
8562390
8644731
8659683
8728305
8841196
8897013
9103127
9149697
9177237
9246020
9409631
9439663
9486974
9653159
9738510
9797795
9827545
9831928
9858029
9860300
9918131
9918137
9918138
