10022858
10037720
10037806
10037807
10075998
10077576
10094314
10101203
10207079
10215609
10325428
10329165
10330172
10353602
10359774
10436048
10449789
10499800
10523623
10523673
10535969
10556305
10573156
10580480
10606523
10608888
10608902
10617206
10617207
10617208
10660597
10669759
10675610
10710426
10719891
10734137
10734193
10742179
10811881
10816422
10817758
10819768
10848602
10856256
10858445
10864047
10913178
10931943
10958793
11003644
11006293
11023788
11029660
11046149
11096110
11098054
11101532
11105754
11118222
11118435
11121017
11142383
11154260
11157774
11172920
11214174
11274061
11278705
11278842
11333984
11336712
11342556
11359897
11376140
11397095
11410654
11421362
11447123
11470789
11514570
11557340
11564883
11565745
11565747
11571276
11575921
11580243
11602610
11604510
11691992
11719186
11719188
11741601
11741984
11753385
11773003
11779509
11780640
11782412
11782475
11788707
11788718
11827469
11856759
11867641
11875052
11884612
11886857
11895477
11925564
11927564
11931771
11950943
12000845
12011088
12024014
12024024
12030365
12032085
12050669
12060656
12189174
12196519
12202039
12214237
12234802
12239318
12242302
12324455
12356730
12384599
12403470
12415010
12419250
12447348
12478298
12490714
12507992
12517964
12524544
12554879
12558503
12574126
12574161
12592010
12600897
12600940
12603330
12605686
12649496
12654270
12655012
12704185
12736207
12745094
12773396
12819194
12820967
12855701
12858164
12874115
12900401
12927206
12933794
12972621
14506271
14532129
14602904
14614102
14662769
14679209
14703516
14709600
14718919
14722159
14728692
14730023
14736875
14749385
14752049
14769789
14981256
14981510
15010470
15024427
15033352
1508720
15105376
15155834
15170331
15187092
1518835
15200955
15201219
15208309
15252136
15257295
15257297
15260483
15273320
15302913
15331611
15341728
15342234
15351640
15353001
15467755
15504035
15514164
15514971
15525531
15537539
15545320
15568022
15607425
15621528
15634918
15652485
15661845
15687492
15703440
15769874
15781475
15798212
15798215
15805463
15809297
15814898
15826655
15828859
15867372
15890361
15951444
15967798
16000324
16000383
16006558
16024790
16041388
16061475
16091628
16093352
16109372
16126846
16153722
16157593
16168373
16179478
16198329
16219914
16227602
16244132
16244662
16249178
16254078
16260624
16289864
16354698
16356927
16364914
16375924
16385450
16418484
16428607
16429151
1644834
16484227
16508950
16516833
1653174
16537387
16537540
16537914
16548521
16611940
16630539
16715093
16738410
1674449
1675426
16760464
16763568
16787927
16803875
16819831
16825284
16834569
16854432
16872451
16890199
16898873
16931875
16931877
16935542
16938098
16950790
16982681
16982877
16990281
17024188
17029590
17030620
17030625
17045609
17101798
17127772
17133347
17137510
17137791
1714588
17154535
1717938
17179751
17264115
17264215
17267406
17287399
17298175
17318228
17320986
17337441
17353911
17387282
17389596
17403780
17437629
17451601
17466948
17488725
17507411
17507659
17548433
17548472
17558416
17567613
17576688
17579712
17580305
17592047
17603996
17609276
17630287
17655233
17668007
17682065
17698501
17726010
17785461
17855403
17869320
17893325
17908789
17913700
17923701
17925491
17928403
17938241
17947529
17950949
17965020
17971870
18001138
18039683
18042455
18042546
18067274
18075498
18083836
18087042
18094119
18163424
18166083
18183298
18203923
18218704
18230701
18234721
18256032
18258190
1826042
18267074
18303858
18327269
1834994
18364396
18367721
18371932
18381443
18391021
18411299
18463699
18477479
18483487
18492746
18515547
18534987
18557632
18566191
18574469
18579869
18583400
18586677
18644987
18650551
18684992
18711726
18719244
18768985
18776329
18776931
18794844
18799579
18824697
18829526
18836485
18840686
18841201
18842594
1885564
18929541
18936165
18945760
18952820
18953025
18958492
18978028
18978773
18986664
19010922
19021294
19033365
19098458
19116412
19146813
19151756
19174564
19188452
19192392
19196985
19226116
19244236
19250905
19258308
19258311
19273590
19282290
19285943
19304800
19339348
19359363
19364820
19369425
19372537
19396385
19416727
19429692
19457263
19458619
19460348
19464723
19470458
19470752
19506027
19523901
19540345
19542371
19561594
19602482
19638969
19654240
19667073
19697322
19703396
19706616
19713958
19789211
19800271
19840948
19846595
19861426
19893608
19901328
19915141
19917293
19949288
20001965
20010808
2001375
20064465
20064466
20064878
20071745
20080103
20080952
20086103
20095591
20097654
20129943
20159993
20160105
20167602
20186123
20211135
20335167
20370918
20371350
20385601
20412057
20412850
20423455
20427513
20459669
20460131
20498276
20519504
20548952
20558735
20571027
20639886
2145153
21685478
22819822
2336358
2410862
2494645
2531658
2533575
7489484
7499328
7510636
7520277
7524034
7524668
7530842
7543047
7556096
7664738
7673195
7688265
7717979
7736592
7761834
7889568
7908267
7933083
7972035
7983023
8021254
8428968
8454877
8473331
8497264
8524242
8558240
8576255
8626712
8633068
8660864
8663113
8665866
8668530
8676391
8769651
8789448
8846295
8912635
8915542
8948631
8977107
8982872
9001221
9016658
9037021
9045688
9111335
9121460
9121465
9130721
9154818
9155038
9160751
9163526
9182766
9199325
9199345
9214659
9234723
9261396
9268369
9292499
9312034
9341174
9353343
9393998
9404893
9409781
9436911
9447964
9478982
9512519
9512528
9546399
9560341
9566313
9632784
9660969
9685407
9701290
9710581
9710584
9726965
9740129
9789075
9804767
9814759
9826658
9858533
9878068
9880507
9882309
9925777
9927456
