15761122
16252231
16614226
16648850
17052657
17053108
17053149
17068223
17099884
17158188
17223258
17293876
17357082
17362836
17395743
17401363
17401366
17407593
17434096
17434869
17435756
17447842
17460697
17463246
17463248
17463249
17470457
17474819
17478679
17478681
17486107
17505501
17522711
17529967
17529973
17529974
17553421
17554260
17554261
17554300
17558408
17603472
17603485
17611496
17618283
17618284
17632509
17632545
17634447
17634449
17637780
17641165
17653210
17658951
17660530
17667963
17668382
17671248
17684544
17690259
17767157
17767159
17804789
17804836
17827064
17846124
17846125
17846126
17848626
17903292
17903293
17903294
17903295
17903296
17903297
17903298
17903299
17903300
17903301
17903302
17903303
17903304
17903305
17903306
17903307
17903308
17911428
17934461
17952075
17975299
17982456
17997608
17998437
17999355
18057069
18067574
18073375
18075462
18084291
18159244
18179892
18193043
18193044
18193045
18193046
18195134
18198356
18204098
18204446
18204447
18227835
18239089
18245381
18252221
18262040
18264096
18264097
18264098
18282107
18311140
18313986
18316681
18317468
18325910
18326623
18327256
18327257
18332876
18347602
18360741
18364390
18369103
18369459
18372901
18372903
18372905
18385676
18385738
18385739
18391950
18391951
18391952
18403759
18439548
18439552
18445777
18449908
18451265
18454146
18454148
18455228
18463370
18463975
18464913
18471798
18483556
18488026
18488028
18519826
18521090
18521091
18521185
18535201
18576341
18587394
18591461
18594024
18601904
18604267
18615156
18650507
18660810
18668548
18677311
18685109
18711365
18711366
18711367
18723019
18729187
18758461
18758464
18759275
18760390
18762592
18776911
18776929
18780872
18794853
18794855
18802019
18820697
18821564
18821565
18823527
18834626
18835860
18836448
18839057
18840781
18846228
18846501
18849991
18849993
18849994
18937294
18940312
18941528
18951430
18952825
18957941
18976728
18978787
18978790
18978792
18980221
18985386
18987618
18991354
18997785
18997786
19009022
19010793
19011631
19023125
19030899
19043545
19047183
19056611
19060906
19060907
19060909
19060910
19060911
19065144
19074352
19079260
19079261
19079262
19081515
19084217
19096518
19107115
19110211
19114657
19114987
19115949
19116933
19117981
19118814
19122664
19124843
19125160
19132087
19136949
19148276
19151714
19165155
19165232
19165918
19165924
19169254
19169255
19176441
19181680
19182806
19185284
19187332
19188921
19193627
19196962
19197348
19197363
19198609
19198610
19198611
19198612
19198613
19207018
19219042
19221038
19230858
19242412
19247474
19249006
19252134
19259986
19260139
19260141
19268274
19268276
19270707
19278955
19282985
19287384
19287509
19300482
19300499
19300500
19303062
19304780
19305408
19305409
19330030
19340012
19343178
19349983
19349984
19359265
19359809
19367585
19369658
19389651
19396169
19401414
19403135
19404256
19412175
19412176
19414484
19416921
19419973
19421330
19426955
19430479
19430480
19430482
19430483
19430760
19442274
19448189
19448619
19448620
19448621
19448622
19448623
19451621
19454037
19456320
19458352
19461586
19465909
19478329
19478819
19483681
19483682
19483685
19488044
19497516
19503088
19503597
19508968
19508998
19525478
19525953
19525955
19553259
19557161
19557197
19561606
19567438
19570815
19571808
19571809
19571811
19578179
19578364
19578365
19578366
19578367
19581569
19584346
19584900
19587794
19597491
19597492
19609347
19620980
19625618
19648918
19648919
19648920
19651812
19654303
19656524
19664746
19667218
19668339
19680635
19684573
19684603
19684604
19698717
19706858
19714205
19714249
19721433
19723657
19724244
19727025
19729412
19729612
19734545
19734900
19734901
19734902
19734903
19736353
19740415
19749757
19749758
19754311
19767753
19767754
19772629
19779542
19786962
19798445
19801982
19802338
19812673
19820697
19820698
19820699
19836008
19838193
19846067
19850125
19851299
19853236
19862010
19874204
19875103
19875614
19880490
19890347
19893584
19896111
19897590
19902172
19910028
19915572
19915573
19915574
19915575
19915576
19929986
19944697
19950302
19961619
19966805
20009918
20010834
20010835
20011104
20012890
20018283
20018961
20023658
20029952
20031538
20031564
20031576
20031577
20031578
20031579
20031582
20031603
20031604
20032318
20037589
20038947
20038948
20039944
20041166
20044523
20045101
20060832
20061627
20062060
20062061
20062062
20062063
20062064
20066004
20066028
20068591
20070850
20072603
20081856
20081857
20081858
20096396
20100581
20101243
20112360
20125088
20125193
20139977
20147318
20150558
20154341
20154673
20159113
20159242
20164292
20167575
20167578
20169177
20171287
20172861
20173747
20173748
20174558
20175129
20183929
20185149
20189245
20189936
20190752
20195266
20195514
20200953
20201924
20202923
20205591
20208534
20212171
20215924
20222955
20228798
20228799
20231535
20235792
20237162
20303062
20303064
20304703
20304771
20305777
20306291
20332263
20339536
20348956
20351715
20360315
20360844
20363506
20364137
20370913
20372150
20383145
20383146
20383147
20385819
20385826
20386566
20395239
20397748
20400458
20400778
20410501
20418485
20418489
20418888
20418889
20418890
20421487
20421499
20421936
20436469
20436471
20442857
20445134
20451256
20452100
20453838
20453840
20453841
20453842
20460270
20460622
20463552
20463881
20484958
20485516
20487506
20512145
20516156
20520587
20522523
20526338
20526339
20528957
20529992
20532800
20534544
20541252
20543847
20548944
20548946
20558539
20570966
20581827
20585324
20585626
20585627
20595679
20596022
20598377
20600896
20601957
20602913
20610541
20610895
20613766
20622878
20622879
20622880
20622881
20634892
20637204
20639392
20639878
20639880
20639881
20657596
20659327
20661308
20662065
20663923
20664687
20668430
20668459
20670164
20673876
20675712
20676096
20676098
20686565
20686608
20686651
20691247
20694011
20694013
20694014
20694148
20698975
20700438
20700443
20705733
20707712
20708005
20709820
20711174
20711176
20711177
20713499
20719862
20729852
20729853
20732626
20732627
20800221
20801717
20801718
20802025
20802204
20802479
20808326
20811658
20818381
20825314
20826269
20832056
20833655
20834067
20835236
20835238
20835239
20838585
20844546
20849430
20852631
20852632
20852633
20858683
20860503
20861866
20862305
20864672
20871597
20871662
20872241
20876420
20876611
20876614
20877124
20877300
20884846
20885792
20887962
20920776
20921969
20923822
20927387
20932310
20932654
20935629
20935630
20939080
20947153
20953186
20953188
20953189
20953190
20966902
20971583
20972438
20972440
20978177
21037115
21037568
21041692
21042317
21044948
21044949
21048783
21051598
21051773
21057379
21059979
21059989
21060860
21060863
21061259
21062454
21068099
21072201
21076409
21079520
21079607
21082022
21084426
21087763
21088011
21094521
21095009
21098978
21102462
21102463
21104366
21105107
21106707
21107309
21107343
21113153
21116278
21118971
21123754
21124317
21124946
21124955
21130132
21130836
21131588
21131975
21139019
21149283
21149285
21150874
21150878
21151127
21151128
21151130
21155030
21160077
21160409
21172079
21173776
21177295
21177773
21182207
21184583
21186350
21196492
21197116
21203500
21208937
21211648
21211798
21212386
21216876
21216879
21221126
21221998
21223598
21228123
21239051
21242121
21242260
21244703
21245432
21248740
21254220
21263130
21270382
21273288
21278746
21283782
21292315
21294900
21297633
21298027
21298047
21300955
21302353
21305692
21307088
21310492
21314694
21316860
21323541
21326295
21326311
21326860
21339755
21347282
21347284
21348951
21353194
21355061
21357381
21357676
21359210
21364930
21368711
21372407
21378095
21378986
21378987
21378988
21378990
21379329
21383967
21386085
21386754
21390209
21396408
21399633
21399635
21408207
21423239
21423719
21424380
21428769
21437268
21441570
21441931
21448238
21452313
21459883
21460395
21460840
21460841
21460842
21467234
21471458
21471979
21473668
21478494
21483023
21483430
21490707
21490949
21493818
21497890
21499248
21499250
21502085
21502573
21502949
21502966
21505071
21505073
21507922
21521612
21529783
21531791
21532571
21533022
21533024
21533074
21533175
21540310
21540461
21544081
21546496
21546767
21551455
21552555
21565293
21570397
21572414
21572416
21573004
21573128
21573907
21602797
21602798
21606135
21611967
21612516
21621269
21623375
21625490
21626137
21627779
21640322
21642993
21646302
21647700
21647738
21653640
21654844
21658281
21659334
21659360
21665988
21665990
21665993
21665994
21666691
21666692
21668797
21674006
21679298
21681796
21682944
21685187
21685912
21694509
21694764
21696813
21698141
21699788
21700265
21700618
21700879
21701565
21701570
21703177
21703634
21706003
21706340
21708048
21725308
21725309
21729881
21732829
21738478
21738479
21738484
21738487
21738491
21740922
21743057
21743467
21743469
21747397
21750109
21750111
21750679
21750702
21752600
21755009
21757650
21757653
21761138
21764829
21768215
21771265
21771975
21775533
21777205
21779176
21779181
21779381
21782286
21784300
21785125
21787189
21795503
21799462
21799836
21801394
21804547
21804548
21804549
21810271
21810643
21810746
21811574
21812969
21814517
21824976
21826061
21826085
21826682
21827660
21829377
21829389
21829393
21835309
21836138
21841780
21844665
21845381
21846871
21862451
21866343
21871595
21873549
21874001
21876473
21876539
21876681
21878436
21878437
21886157
21896673
21900290
21900944
21900946
21901158
21907864
21908515
21909106
21909107
21909108
21909109
21909110
21909115
21912186
21912425
21926416
21926972
21926974
21931564
21931568
21935397
21940522
21940970
21943158
21946350
21947420
21956439
21957438
21961650
21971053
21977987
21979947
21980299
21980348
21980494
21981779
21983785
21983787
21989058
21990027
21991891
21993531
21996601
21998595
21998597
22001756
22001757
22003120
22003152
22004137
22004471
22004975
22005930
22005931
22006218
22010048
22010049
22012869
22013104
22019778
22019779
22020760
22021425
22027810
22028671
22029572
22030708
22032556
22036096
22037551
22037552
22037553
22037555
22037903
22041458
22044751
22051697
22054870
22055160
22064162
22065538
22068335
22072270
22075330
22076464
22080838
22081228
22085899
22086417
22087292
22095909
22101970
22105264
22105620
22116812
22116939
22116950
22118420
22120009
22126837
22130093
22131368
22137330
22138694
22140272
22142827
22144573
22144915
22156575
22158537
22158540
22159054
22170493
22171074
22174390
22174851
22174901
22179738
22180457
22182935
22188591
22190364
22197929
22197932
22197933
22199011
22205951
22210626
22216198
22219177
22228203
22229870
22232737
22233651
22238593
22239941
22245343
22247754
22267200
22267201
22279548
22282500
22286170
22286173
22286212
22286219
22290723
22291604
22291609
22293537
22293688
22295056
22295569
22303337
22306650
22306652
22306654
22310351
22310353
22318345
22319020
22321639
22322875
22327514
22331829
22333899
22341974
22342860
22343285
22344219
22344221
22354554
22359512
22362865
22365631
22367438
22367966
22368281
22377092
22379998
22383894
22383897
22384028
22384361
22387998
22388998
22391508
22396660
22399142
22399527
22403646
22412388
22417934
22419666
22419738
22420046
22423221
22424883
22425255
22426144
22428042
22430674
22432041
22437316
22437554
22438815
22443383
22445761
22446040
22446961
22446962
22446963
22449649
22451204
22452962
22455414
22456796
22457343
22466613
22470424
22472174
22472876
22479191
22479202
22479309
22479346
22479419
22482804
22484627
22488850
22491018
22492993
22493691
22494929
22497812
22503698
22504417
22504418
22504419
22504421
22508271
22509378
22511988
22513714
22524403
22526605
22532574
22538805
22541561
22542470
22544364
22544366
22551897
22554406
22556244
22558069
22558097
22560479
22561518
22561531
22566498
22566560
22566624
22566634
22569225
22570617
22570627
22570697
22581228
22584459
22589738
22589742
22605921
22610502
22613542
22628157
22628180
22633400
22634755
22637743
22648509
22658654
22658931
22661486
22664479
22665904
22666496
22672568
22673963
22675492
22678113
22683712
22683750
22685421
22688191
22692763
22693232
22693455
22693459
22694930
22694956
22700719
22701019
22703881
22704111
22705344
22719876
22726844
22737229
22739583
22744181
22745009
22745674
22747683
22751097
22754043
22760553
22763110
22763476
22764253
22773346
22780124
22785395
22785614
22788528
22791750
22792070
22792071
22792082
22792221
22794196
22797724
22797727
22807686
22808956
22814818
22821403
22823124
22828495
22829776
22832960
22832961
22832964
22837378
22837380
22841784
22843499
22843503
22843504
22843789
22856363
22863731
22863734
22864923
22864933
22869035
22872573
22883433
22885925
22886559
22889921
22889924
22890011
22903471
22907691
22911860
22911880
22915352
22923026
22923054
