100451913
10074372
10198434
10339553
10408383
10425631
10449422
10451913
10485880
10496219
10606271
10671531
10743940
10786843
10805157
10848986
10852725
10881199
10882721
10886365
10908352
10913311
10963808
10989176
11101810
11127866
11128644
11132628
11178986
11320245
11513587
11557339
11557341
11557342
11557343
11565747
11590140
11705996
11785949
11851395
11856330
12000850
12054450
12124337
12135392
12219078
12557236
12582125
12667800
12668310
12692304
12852840
12867449
12873145
12874383
12890540
12902353
12927206
12954786
1379730
14500841
14561881
14576330
14610191
14624002
14676325
14690600
14706642
14709039
14744035
14770435
14980623
15023071
15025912
15044012
15225715
15237981
15294075
15336537
15359119
15362896
15562003
15606780
15611299
15664512
15680150
15681618
15716492
15740156
15745995
15749125
15769183
15772067
15866068
15889141
15910755
15913532
15914669
15938634
15984861
15999244
16002787
16042414
16052344
16083878
16131593
16189080
16194066
16246910
16289104
16312015
16397296
16448086
16467303
16475836
16476969
16495233
1651877
16518777
16540230
16547136
16567403
16588281
16643010
16707660
16751591
16798040
16799875
16855281
16888322
16893958
16925510
16930539
16938098
16940097
16940549
17000903
17024188
17028752
17030508
17033199
17038331
17038335
17055241
17079480
17150645
17150737
17150783
17150912
17155908
17155909
17163839
17168539
17173335
1718887
17263432
17283213
17312962
17318228
17332014
1741036
17461758
17461759
17475212
17493617
17493639
17530817
17533112
17535803
17588619
17619022
17660953
17694298
17697378
17806095
17869523
17904852
17905582
17929944
17931589
17956125
17988875
18029753
18029757
18060045
18082262
18175068
18177018
18187506
18187867
18230760
18252191
18279908
18294846
18302343
18324839
18338423
18338898
18388495
18401506
18403417
18426920
18433888
18537265
18557632
18617415
18637731
18763762
18803393
18835173
18948292
18983163
19035601
19037734
19040357
19046328
19061867
19061868
19098441
19103663
19151784
19158349
19164908
19179075
19202068
19243167
19246008
19246617
19284310
19291713
19304999
19325843
19352549
19370238
19374883
19385619
19389630
19406842
19422452
19450981
1946804
19468044
19469583
19480397
19496624
19498077
19520059
19604698
19668864
19684916
19713884
19723884
19740763
19749362
19946274
19955232
19956692
19997645
20000526
20007154
20022942
20061133
20071745
20093103
20095591
20110884
20136122
20153201
20300533
20335968
20348540
20375565
20387790
20452328
20456958
20473891
20518485
20545348
20564698
20565241
20615431
20693539
20705898
20713120
20729797
20809562
20843027
20870801
20873781
20936492
20967861
20971648
21072169
21076782
2120478
21204783
21238427
21245470
21281402
21282976
21290544
21306108
21310253
21381755
21402046
21402710
21412566
21413891
21420926
21471212
21491328
21502374
21504182
21524680
21530479
21531729
21559530
21565620
21614178
21627466
21644840
21704505
21730942
21748194
21749292
21774453
21798953
21892384
21915281
2200121
22103644
22166135
22261866
22369896
22662223
22704839
22793869
23029506
7489503
7508262
7519769
7542922
7678562
8604334
8610114
8639643
8683119
8755498
8916928
8926928
8951376
9035109
9062133
9115371
9184141
9222504
9222505
9238009
9245404
9303189
9310370
9346949
9356339
9368651
9383431
9383475
9436913
9452437
9512553
9526554
9546673
9572845
9576904
9578572
9585539
9586110
9603938
9605115
9685413
9751715
9826651
9831529
9873529
9883908
9889155
