10022829
10077593
10413105
10446158
10487979
10493512
10526164
10556044
10562536
10608816
10660581
10702276
10734084
10801822
10862775
10889192
10893232
10900194
10934203
10961890
10966814
11007795
11016923
11034081
11067924
11098058
11134507
11135627
11158588
11246004
11257124
11259413
11278365
11278641
11278860
11292829
11304538
11313359
11335715
11336704
11342135
11373281
11435444
11514539
11684696
11863456
11956183
12023034
12029087
12034712
12237301
12359771
12406896
12435733
12453439
12456637
12461785
12475252
12556525
12682293
12686141
12690120
12706831
12812520
12837131
12867428
12927798
1311092
1425570
14585835
14610079
14695535
14745449
15034927
15044457
15047691
15110773
15183770
1525165
15381701
15528194
1555584
15591058
15748998
15843371
1587820
15899827
15935280
15980072
15995169
16027123
16096638
16115889
16151532
16192266
16251195
16255572
16258170
16731529
16782967
16815843
17018530
1703436
17062562
17130123
17178915
17206383
17255107
17426256
17889519
17897953
18042364
18083358
18164932
18226512
18249103
18295466
18314316
18334288
18337076
18450438
18579360
18602002
18620053
1869557
19010413
19041721
19275936
19285555
19394422
19398000
19422911
19442729
19502598
19542224
19576282
19643179
19651211
19666115
19744558
19748582
19755719
1977746
20043995
2007587
20079836
20138147
20382221
2040276
20566382
20654714
20708078
20932905
20932906
20955792
21044884
21055468
21349332
21619930
21839835
2524477
2745554
2775822
2914908
2982834
3161900
3223905
3301850
3402455
3691037
7034958
7287752
7512972
7514608
7531705
7533163
7563094
7642694
7654188
7684608
7687382
7730416
7929392
7961933
7982489
7982919
8157651
8195298
8269931
8408036
8620887
8626499
8647860
8760376
8780385
9038157
9054449
9164872
9252363
9343372
9419208
9431988
9466983
9476898
9500522
9593692
9614116
9624135
9636139
9687493
9692901
9694865
9724722
9792673
9882449
Publication Identifier(s)
