-
10022120
10023771
10025402
10026153
10026197
10027300
10037711
10048790
10049825
10049915
10051575
10064583
10064597
10066421
10067897
10068674
10074103
10074458
10080919
10082529
10082674
10087260
10087263
10089303
10089450
10090723
10092459
10092585
10102271
10102273
10187848
10196247
10198040
10198631
10206955
10209036
10212242
10219247
10221915
10222201
10225955
10226625
10228153
10228159
10228168
10229072
10233976
10234023
10235259
10318843
10323858
10327051
10329646
10330160
10330164
10332026
10336464
10336465
10336672
10341223
10346909
10347175
10347196
10353244
10353245
10354419
10357812
10359772
10360181
10360578
10364159
10364196
10364274
10365963
10366599
10366608
10368275
10369126
10369685
10369867
10369872
10373452
10373504
10373536
10373546
10373562
10374970
1037562
10376594
10377264
10377409
10378275
10382761
10383417
10383454
10388568
10388809
10391250
10391924
10393292
10393295
10393905
10397721
10399914
10404183
10404223
10409671
10409742
10414980
10415025
10415122
10419510
10421843
10426958
10428862
10429675
10430869
10433268
10436013
10441394
10446050
10446149
10446169
10446210
10449718
10449734
10454568
10455105
10464310
10465793
10466724
10468606
10477722
10479680
10480872
10487758
10488096
10498895
10499589
10500481
10504335
10508408
10508777
10512884
10514494
10518219
10518533
10521409
10521452
10521483
10523825
10523841
10523853
10524633
10524768
10526152
10527948
10531035
10542098
10542110
10542231
10542258
10545507
10548487
10549287
10551855
10555970
10556798
10556826
10557078
10559254
10562275
10562277
10567268
10567532
10569954
10570256
10579814
10588641
10588692
10590261
10591629
10600108
10601010
10601328
10601346
10602027
10604478
10607564
10611249
10615043
10617468
10618369
10618715
10619026
10619842
10620603
10627486
10629222
10629618
10635326
10637512
10639123
10642536
10644691
10644755
10644978
10648410
10648568
10649446
10651626
10652215
10654935
10655591
10655612
10655614
10660596
10660611
10660620
10662614
10662770
10668806
10669610
10671526
10671552
10671560
10673434
10676816
10679202
10681522
10681527
10688190
10692452
10698492
10698523
10698938
10698945
10702232
10702269
10704231
10704309
10704446
10704825
10706629
10706722
10713100
10713667
10716178
10716926
10722738
10724175
10725331
10725395
10727407
10733581
10733900
10734313
10737771
10742178
10746715
10747088
10747089
10747784
10748023
10748052
10748113
10748123
10748127
10748157
10748169
10749680
10749867
10751417
10752619
10764144
10764582
10764762
10766246
10767429
10772864
10775038
10775108
10779349
10779361
10779557
10781095
10783144
10790433
10799598
10802735
10807923
10809762
10809770
10811803
10811933
10814581
10820259
10821276
10821830
10821867
10823932
10825299
10826496
10827081
10837138
10840038
10846156
10849448
10852966
10854330
10856295
10859165
10859335
10862698
10862767
10864201
10864925
10867021
10871282
10871618
10873456
10873756
10878014
10878805
10880512
10880560
10882070
10882122
10882138
10882139
10882725
10884227
10887121
10887132
10887206
10889023
10892748
10894160
10896157
10898789
10900456
10903901
10903953
10906324
10910768
10911369
10913131
10913161
10924507
10929712
10930412
10930415
10931187
10931842
10932249
10932250
10933786
10934467
10938077
10944537
10949025
10949026
10950869
10953014
10958686
10961991
10964907
10966114
10966654
10967104
10970843
10970852
10973941
10975842
10976913
10978177
10980202
10980706
10982355
10982817
10982835
10984498
10986462
10988290
10993888
10993906
10995736
11000240
11001931
11007774
11007882
11013230
11018027
11023826
11024295
11027258
11027293
11032808
11032839
11035005
11036064
11036070
11041857
11042264
11046132
11051556
11053421
11053835
11057907
11062562
11063744
11067845
11067847
11070082
11075810
11076969
11077444
11085987
11086131
11086990
11087742
11087755
11087867
11087996
11089964
11090355
11090627
11096097
11099048
11099378
11099500
11101511
11104776
11106648
11106763
11112773
11113179
11118213
11119584
11120739
11123912
11124807
11127814
11129635
11130074
11130076
11133992
11135358
11135669
11136729
11136978
11137014
11149930
11150294
11152665
11155366
11157475
11157805
11157975
11158295
11163213
11163214
11163362
11163768
11163770
11163799
11171121
11171983
11181181
11181702
11183784
11188687
11196647
11201742
11201744
11208108
11208814
11214322
11222640
11222862
11224570
11226162
11226179
11226885
11229403
11230124
11231009
11231015
11231577
11237613
11237865
11237870
11238441
11238443
11238845
11239454
11240126
11242052
11242053
11242054
11244506
11250902
11251081
11257230
11257232
11259428
11259588
11260524
11260718
11260720
11266449
11266503
11274188
11275986
11277934
11278422
11278603
11278685
11279064
11279131
11281648
11283000
11283351
11283354
11285285
11287000
11287646
11292345
11298454
11298456
11301005
11311560
11313386
11313964
11316748
11316798
11320080
11323411
11323678
11323716
11328817
11331285
11331584
11331873
11336675
11337495
11342028
11342545
11343649
11350080
11352901
11353857
11356191
11358866
11359767
11359875
11376336
11377421
11384986
11387210
11387228
11387475
11387476
11389028
11389839
11389892
11389899
11389904
11389905
11390366
11390368
11390470
11399775
11403293
11408474
11408476
11414803
11416002
11418455
11420435
11423118
11423128
11423130
11428895
11432792
11432818
11433030
11438528
11438550
11438675
11438699
11438723
11440714
11441007
11445573
11445578
11447105
11447115
11453982
11461703
11462050
11463386
11470803
11477068
11477403
11481322
11483497
11483589
11485736
11493686
11493912
11494128
11495915
11498534
11500364
11502003
11502221
11504734
11504882
11506178
11509230
11509578
11509693
11511370
11513739
11514608
11517213
11517249
11520064
11522926
11526121
11526233
11526496
11533041
11533444
11533489
11533664
11533668
11536047
11544253
11546783
11546791
11546811
11546839
11550094
11551227
11551898
11551923
11551959
11555644
11557039
11557047
11557048
11559592
11559703
11560894
11571273
11571312
11571640
11572860
11572861
11573085
11574465
11574543
11574675
11576548
11577348
11579209
11581269
11583626
11583631
11584276
11584278
11585793
11585834
11588219
11590170
11591345
11591653
11591705
11591728
11595183
11597998
11598113
11602579
11641419
11668184
11672534
11673524
11679592
11679719
11682052
11684012
11684085
11685246
11689425
11689432
11689568
11689660
11689694
11694501
11694502
11694516
11697890
11700327
11701125
11709168
11710529
11711533
11711620
11713253
11713475
11713534
11714803
11716516
11716523
11717310
11723239
11724822
11726515
11726521
11726552
11729193
11733528
11737777
11738047
11739374
11740559
11741305
11741309
11741929
11741956
11742811
11742975
11743162
11743164
11744716
11748221
11748725
11751850
11751972
11752373
11753645
11754745
1177266
11777918
11778048
11781573
11784866
11786908
11792813
11795875
11796522
11798178
11798190
11802782
11804596
11805080
11805328
11805826
11805837
11806999
11807220
11809970
11809971
11812141
11821067
11823424
11823437
11823862
11823864
11823865
11826105
11827484
11827956
11828325
11839802
11842083
11845213
11846885
11847307
11847341
11854271
11855827
11865050
11867515
11867766
11872741
11872753
11875115
11877377
11877430
11878931
11882361
11882901
11882902
11884147
11884411
11886850
11891216
11894095
11894096
11896612
11901111
11907332
11914378
11916981
11917136
11923305
11923872
11927608
11931739
11931740
11931747
11931769
11934899
11937021
11937501
11940572
11940573
11943145
11943148
11943150
11943869
11944949
11948687
11950700
11950846
11950930
11953314
11959977
11959990
11961546
11967269
11969417
11970898
11970949
11971900
11976690
11980706
11980721
11983079
11986669
11988087
11988536
11988742
11997330
12004055
12004067
12004135
12011057
12011466
12021270
12021324
12023303
12023880
12023952
12024011
12024216
12029138
12034722
12034747
12036349
12037680
12040031
12042314
12047349
12048248
12049741
12050150
12054535
12057195
12061724
12062430
12063569
12067710
12067714
12067721
12070037
12070153
12075357
12076828
12083519
12089450
12093160
12093742
12093902
12096124
12118248
12119396
12121651
12122004
12122014
12123608
12123821
12123822
12128212
12134158
12142461
12147692
12150894
12154078
12154125
12163025
12163591
12167862
12169629
12171928
12176037
12176364
12176984
12176995
12177059
12177062
12181353
12181570
12183630
12186919
12196555
12198176
12198496
12200137
12200142
12202226
12202484
12202490
12207026
12207904
12208510
12208518
12213123
12214271
12220192
12220488
12220632
12221090
12223469
12223541
12225753
12226085
12230472
12234928
12235156
12237455
12237851
12239560
12244049
12244299
12296727
12297050
12323073
12351681
12354784
12354939
12359749
12359873
12361576
12364328
12364343
12368347
12368857
12369822
12370829
12372286
12374755
12377785
12383250
12384576
12387735
12387898
12388763
12390249
12391157
12391297
12391317
12392720
12397361
12397362
12401788
12402242
12403768
12407180
12408824
12408825
12408863
12411508
12421809
12426371
12426582
12429093
12429735
12429745
12437929
12437930
12438239
12444549
12445390
12446583
12446728
12446764
12454019
12456510
12456677
12458226
12463424
12466551
12468542
12468544
12470953
12471024
12475979
12477844
12482578
12482611
12482659
12485888
12486123
12489984
12501243
12504010
12511555
12511597
12515806
12520306
12524439
12526090
12526809
12527750
12531430
12534345
12535517
12535670
12536214
12545173
12545174
12551942
12551970
12552112
12554664
12556533
12558988
12559036
12565857
12566447
12567183
12573224
12577067
12581522
12582162
12586822
12586937
12588794
12588987
12589760
12589811
12589829
12591959
12594225
12595070
12595692
12598525
12598619
12606549
12606711
12611588
12614164
12615066
12615541
12615916
12615930
12616539
12618428
12618429
12620186
12620237
12620238
12620389
12620801
12620808
12626503
12628924
12629046
12634364
12634370
12634384
12634852
12640114
12642614
12644454
12649209
12650940
12650946
12657639
12657644
12665574
12665587
12667445
12667453
12668730
12668732
12679809
12681493
12682088
12686588
12692227
12695509
12697818
12702765
12706723
12709437
12716891
12716909
12718880
12721618
12724420
12727845
12730235
12730237
12730668
12732734
12732850
12734398
12743292
12743606
12750381
12750383
12754301
12757707
12764136
12766774
12771128
12771146
12771153
12773374
12777393
12778114
12782308
12783858
12787503
12789342
12791772
12796778
12799422
12802020
12805554
12808446
12813029
12813456
12815057
12816948
12819203
12819209
12821782
12826659
12829691
12832401
12834342
12834347
12840032
12842894
12847090
12847098
12847286
12852788
12855672
12855700
12857726
12857745
12857746
12859903
12860379
12871587
12871946
12875835
12876220
12878163
12881425
12881490
12881722
12885399
12885770
12888558
12891711
12897052
12897054
12898523
12900395
12900424
12902323
12907720
12907755
12909615
12911636
12912994
12913069
12915445
12915590
12917326
12917436
12919677
12923056
12928397
12935897
12941695
12944463
12944474
12948492
12963337
12963375
12970172
12970176
12970734
12972505
12975581
1314163
1314164
1321290
1328865
1330535
13314069
1331501
1334459
13679363
13679921
13679922
1375321
1380456
1382595
1396585
1409652
1448153
14504388
14505491
14506282
14515169
14516276
14517229
14517258
14517264
14517332
14521842
14527337
14527689
14527956
14532005
14536080
14550570
14557627
14557665
14559241
14559776
14559997
14568990
14570588
14576168
14576432
14579355
14593208
14595808
14596906
14596909
14596914
14597662
14603323
14605208
14619418
14632132
14638857
14643450
14651979
14652006
14659764
14665621
14665640
14667819
14668868
14674764
14675634
14675752
14675757
14679215
14679216
14684745
14685261
14688255
14688280
14690436
14697667
14698303
14701738
14701753
14704270
14704431
14704432
14707117
14722085
14722096
14729977
14732683
14737190
14742445
14743216
14743429
14744935
14747526
14756317
14757063
14759368
14761940
14963045
14963108
14963148
14966128
14966293
14970201
14973489
14978303
14978742
14980517
14993273
14993289
14993658
15013773
15013781
15013782
15014124
15014437
15016876
15020407
15024067
15026417
15029250
15031264
15044019
15048123
15051726
15056653
15062102
15070730
15073179
15090612
15094368
15096211
15096483
15100220
15103385
15105431
15109495
15121872
1512238
15128762
15129282
15140879
15140953
15140983
15143158
15143214
15146195
15159412
15159416
15161933
15166223
15170389
15173168
15173315
15175323
15192089
15194749
15196694
15196926
15208311
15225610
15225631
15225635
15225636
15225637
15225643
15225651
1522589
15226396
1522902
15229228
15231748
15232106
15240681
15242778
15251430
15251432
15251447
15251452
15251453
15251455
15254196
15263065
15277777
15280379
15289329
15301538
15304315
15304318
15304323
15304326
15304329
15304335
15304344
15304347
15304355
15314064
15314167
15322554
15324659
15324660
15327968
15327989
15343271
15345594
15350535
15356145
15364926
15367657
15369779
15371306
15377759
15380105
15383276
15383618
15385968
15448168
15454081
15459208
15467457
15469938
15473003
15474000
15474016
15474020
15474027
15474030
15474031
15474036
15474475
15475968
15477347
15491611
15492812
15494376
15498565
15498567
15504032
15504911
15507604
15507623
15513915
15518812
15522235
15525651
15527755
15527766
15527767
15527772
15527779
15527798
15527800
15533940
15533944
15536084
15536091
15538381
15543142
15546884
15549731
15554700
15555565
15556604
15556606
15556616
15556629
15556635
15556638
15556646
15556869
15557335
15557341
15557343
15558030
15564746
15566963
15574420
15575970
15580267
15580310
15581361
1558161
15581622
15581623
15581637
15582666
15588987
15589838
15589845
15590698
15590703
15592458
15596140
15596447
15598710
15601262
15604276
15611048
15611062
15611091
15620700
15620714
15620717
15628844
15629715
15631622
15632055
15637807
15641795
15642347
15642353
15642356
15642358
15642376
15644438
15647376
15650334
15652357
15657040
15659545
15659806
15669058
15670815
15670817
15670823
15670829
15670850
15677445
15677475
15677482
15678106
15680399
15688017
15688026
15690043
15691829
15695332
15696159
15699485
15703209
15708858
15709751
15710382
15710384
15710408
15710417
15710424
15710747
15713638
15721255
15722337
15723800
15728366
15728831
15733840
15733851
15733859
15733864
15733869
15733871
15734736
15735685
15737992
15743816
15743820
15751964
15752563
15755723
15757643
15757644
15757646
15757661
15757663
15757671
15761153
15764601
15764700
15767257
15767424
15767667
15774496
15777793
15778465
15780933
15782111
15784622
15784897
15792799
15792802
15793585
15795225
15795233
15795260
15796781
15798181
15798189
15802519
15811319
15811326
15811338
15811343
15811349
15821101
15824104
15824310
15827961
15831486
15832366
15834155
15834156
1583684
15840814
1584773
15848166
15848169
15848170
15848177
15848184
15848196
15851033
1585175
15860732
15861137
15862114
15862297
15862299
15862300
15862318
15876432
15878163
15883195
15885879
15886098
15890204
15890343
15893313
15894168
15896299
15896780
15896782
15902271
15907477
15919079
15919082
15922337
15923056
15923258
15924411
15927180
15928608
15929943
15934090
15936019
15941409
15944398
15946252
15949802
15953601
15962011
15963510
15964851
15967597
15975576
15975580
15976035
15978577
15978582
15978586
15978591
15983032
15987637
15987638
15987681
15990870
15992821
16000308
16000869
16004997
16007100
16014918
16024016
16026968
16034076
16044149
16045494
16051226
16051233
16051599
16051843
16054660
16055064
16055720
16061227
16061230
16061792
16079136
16081543
16083881
16084064
16086323
16087181
16087182
16093310
16096643
16098514
16098516
16098968
16098969
16099425
16099986
16101281
16101282
16103886
16107303
16111684
16112766
16115628
16115884
16115959
16120600
16120608
16125169
16126729
16135803
16137684
16137687
16140784
16148006
16150444
16153182
16155203
16159897
16160139
16164598
16166090
16166655
16169070
16177062
16182287
16182291
16186805
16189514
16198347
16198352
16199040
16204241
16212962
16213503
16216880
16217014
16219545
16221862
16223489
16223492
16223495
16225871
16226257
16227264
16227293
16227609
16230374
16234328
16239230
16239925
16239928
16242130
16243315
16245368
16246332
16246723
16256071
16256112
16260042
16260611
16263117
16263120
16263121
16267556
16271045
16271887
16273093
16284401
16288748
16289097
16289477
16291744
16293251
16297854
16302969
1631061
16310786
16311516
16318909
16319076
16319921
16325183
16325581
16326701
16332687
16336193
16337946
16339411
16339550
16341089
16341090
16343488
16343492
16352297
16356270
16357825
16359671
16359674
16362034
16362036
16362038
16362039
16362041
16362042
16362044
16362045
16364302
16364304
16364305
16364307
16364312
16364318
16364321
16374504
16374505
16374509
16374512
16375898
16376338
16376875
16376880
16376884
16380111
16380958
16388599
16395332
16395335
16396496
16397227
16403219
16405965
16405969
16406366
16407264
16407410
16407827
16407834
16407974
16407976
16407977
16407978
16410013
16412436
16413298
16413544
16413547
16415348
16415788
16424898
16424900
16424905
16424906
16424907
16427630
16427632
16427633
16427635
16430890
16436051
16438971
16439675
16439990
16440004
16442529
16442532
16443220
16449798
16455083
16456538
16456539
16456540
16456541
16456542
16456544
16456547
16457820
16457822
16458305
16458891
16460309
16461356
16467844
16467845
16467851
16472662
16473600
16473827
16474900
16478732
16482215
16482217
16482218
16482222
16483316
16485022
16485023
16492808
16494870
16494873
16498402
16498403
16498409
16498412
16498413
16500650
16501113
16504179
16504183
16510145
16511262
16511560
16511561
16511562
16511565
16511568
16511572
16513117
16514417
16516142
16516204
16520382
16522684
16525023
16525503
16525504
16525507
16525508
16527308
16530190
16530191
16537444
16541103
16541104
16542652
16545136
16545378
16546175
16546176
16547462
16551695
16554755
1656221
16569213
16569669
16574105
16579988
16579989
16581770
16582879
16582881
16585770
16595694
16601674
16601676
16601680
16601683
16601686
16601687
16601689
16601693
16601695
16601699
16606361
16606443
16611247
1661130
16611888
16613846
16616141
16616143
16619024
16619026
16619031
16619033
16628214
16628218
16628219
16628223
16628225
16628226
16630611
16631755
16636147
16636290
16638567
16638574
16642033
16642035
16642037
16642042
16643902
16643907
16643908
16644720
16647065
16648474
16648821
16649996
16650407
16672277
16675548
16675951
16675952
16675956
16678164
16678173
16678819
16678999
16680093
16684526
16684964
16688211
16688213
16688214
16688219
16688220
16688223
16696976
16697373
16697380
16698020
16698021
16698022
16699495
16709410
16709412
16710293
16710296
16710297
16710298
16710300
16712842
16713569
16716307
16717153
16724108
16724110
16724116
16729021
16729043
16730713
16730714
16731912
16741966
16751101
16751601
16752908
16753148
16763549
16763551
16763554
16763556
16763564
16763566
16763567
16764865
16764867
16765349
16765915
16765951
16767077
16767219
16769727
16777103
16778766
16778767
16778768
16781119
16782091
16782902
16787945
16794575
16794578
16797541
16799465
16802101
16806204
16810318
16810319
16810321
16810323
16814287
16822840
16823848
16824542
16826238
16826239
16828748
16828757
16831423
16831430
16831863
16839418
16840345
16842786
16844119
16845370
16845371
16847311
16857196
16858395
16858402
16858403
16858404
16858405
16858406
16858407
16858409
16858411
16864797
16870138
16870176
16872604
16874300
16874301
16874303
16874307
16874308
16876161
16876162
16878123
16878124
16878151
16879824
16880273
16882004
16884718
16888620
16888622
16888623
16888624
16888629
16888650
16890252
16893902
16893970
16899217
16901482
16902404
16902405
16902406
16902409
16902413
16904669
16905102
16906159
16909109
16912074
16912232
16912323
16914641
16914724
16916513
16917499
16917501
16917502
16917503
16917504
16917505
16917507
16919274
16926280
16930557
16930598
16932745
16932746
16932749
16936636
16936638
16938294
16940534
16944923
16946699
16946704
16946707
16946708
16946709
16949583
16951253
16956611
16957773
16957774
16957775
16957778
16957780
16957781
16962585
16962592
16962593
16963029
16963136
16963558
16964398
16966330
16969585
16973586
16973615
16977309
16977310
16977313
16977315
16977317
16977320
16979168
16979186
16979624
16982329
16982606
16983070
16989816
16990791
16990792
16990796
16990800
16990850
16996503
16999739
17005671
17006537
17006541
17006542
17006543
17006544
17006545
17007843
17008314
17008717
17010654
17016471
17020880
17022975
17022977
17022978
17023018
17023019
17024176
17024177
17024179
17024180
17024186
17024187
17027006
17027227
17028573
17030600
17032734
17035316
17036044
17036045
17036048
17036052
17036053
17038317
17039252
17045265
17046756
17050525
17052716
17053781
17053782
17053785
17053787
17053789
17054951
17057644
17064692
17064696
1706474
17065230
17066076
17066081
17067581
17069809
17070091
17070805
17074758
17078930
17078951
17079228
17082762
17082767
17082770
17082772
17082819
17082820
17084389
17092689
17093494
17093495
17094785
17094949
17094969
17097642
17099689
17099692
17099693
17101133
17101137
17109079
17110924
17110928
17110929
17110930
17110931
17112510
17112520
17113085
17118358
17118363
17118402
17123957
17124493
17124498
17124499
17124500
17126326
17126328
17126813
17128263
17130124
17130455
17134703
17135270
1713710
17139248
17139249
17139257
17139261
17141222
17141224
17141806
17157298
17157300
17158797
17159899
17159900
17159902
17159907
17159908
17159919
17159921
17159996
17161366
17161399
17166838
17166906
17166913
17170118
17170431
17170699
17170700
17170702
17170703
17170704
17170761
17174262
17174307
17174309
17174311
17174956
17178840
17182770
17183365
17183366
17183367
17183369
17184777
17184779
17186026
17189196
17189269
17197020
17203073
17203074
17203075
17215866
17215868
17229891
17235283
17235285
17235357
17235358
17235359
17240990
17245428
17245429
17245430
17245431
17254575
17255933
17255935
17255937
17255939
17255942
17255943
17255944
17255949
17256767
17257598
17258209
17267496
17267502
17268547
17268548
17268553
17268555
17284441
17287208
17289029
17289031
17289033
17289036
17290217
17290218
17290220
17290221
17290223
17290227
17290288
17300786
17304216
17304218
17304220
17304222
17304238
17304239
17304240
17304241
17306257
17316630
17318174
17318175
17318177
17318178
17318180
17318181
17318185
17318188
17318189
17318191
17318229
17320083
17321526
17332741
17332742
17332744
17332754
17332755
17341466
17346712
17347647
17347649
17347650
17347654
17347670
17347673
17348035
17350623
17352427
17353368
17360743
17363894
17363896
17363897
17363900
17363901
17363902
17363903
17363905
17363971
17363973
17368449
17380122
17380123
17380124
17380125
17380128
17380188
17382318
17382325
17382937
17395426
17396147
17396150
17396155
17407569
17408621
17409071
17409143
17410207
17410209
17416361
17416557
17418823
17431395
17431396
17431401
17431409
17434492
17437541
17440088
17446270
17446859
17446860
17446862
17446865
17452790
17464283
17464289
17467700
17469741
17470367
17470459
17471236
17474147
17476304
17476305
17476308
17476309
17481567
17485091
17485524
17491593
17491594
1749770
17498700
17499717
17505518
17510629
17512525
17521633
17522383
17525731
17525732
17525734
17525735
17529992
17531190
17531226
17537434
17540176
17541403
17541404
17541406
17541407
17541408
17543955
17544405
17545996
17546054
17555748
17557078
17557079
17557114
17565041
17568771
17568772
17568773
17568776
17568778
17571073
17571076
17581628
17581631
17581634
17581635
17581636
17581638
17583698
17586502
17599063
17599065
17599066
17599067
17599839
17602943
17603046
17604025
17604271
17605760
17605817
17608567
17612531
17617058
17617578
17620338
17620619
17627274
17627277
17627279
17627282
17627283
17630505
17641687
17641689
17644091
17650322
17651736
17658519
17660747
17660750
17660751
17662718
17662727
17666013
17666591
17667950
17673209
17673906
17673907
17673910
17681535
17681947
17689535
17690686
17690688
17690690
17692849
17696407
17700517
17700527
17703188
17703191
17707375
17713926
17717527
17717528
17717529
17717530
17720156
17721437
17721439
17721440
17721441
17721446
17761170
17761173
17762861
17762864
17762865
17762867
17762870
17803994
17805343
17805346
17853888
17853892
17853893
17853895
17855053
17855514
17868192
17870073
17882259
17882260
17882261
17882263
17891140
17901878
17913709
17913813
17914457
17914462
17914463
17916074
17919601
17923693
17925381
17928627
17932483
17932487
17932490
17932491
17932512
1793542
17936057
17936276
17937931
17947517
17948026
17948050
17948060
17950729
17962804
17962807
17962809
17962812
17967456
17972916
17972917
17972918
17973628
17974916
17974954
17989694
17995453
17998938
18005740
18007599
18007655
18007657
18007658
18029012
18034155
18034159
18034161
18034162
18045992
18046454
18046458
18046459
18046461
18049475
18056706
18059340
18059471
18059474
18059477
18064046
18067320
18068675
18070603
18070987
18079694
18094049
18094186
18097573
18154663
18154733
18155796
18157088
18160719
18163231
18163987
18164686
18181650
18188152
18188153
18188154
18188155
18198340
18200042
18200043
18200045
18201567
18201571
18201573
18202719
18202720
18206651
18208323
18211905
18219272
18227151
18233957
18237277
18239683
18239684
18239685
18242179
18243143
18256687
18256688
18256700
18258597
18259216
18273060
18273061
18273062
18274552
18280496
18281517
18292755
18301737
18307994
18308725
18309291
18309292
18309293
18309294
18309295
18309296
18320063
18323775
18323777
18323779
18323857
18325333
18325335
18325338
18325344
18328268
18331838
18332103
18337748
18337750
18337751
18337752
18339811
18344974
18354496
18354498
18354501
18356162
18358842
18369315
18369319
18369366
18372248
18387366
18387954
18388313
18388856
18388858
18388957
18397886
18401342
18404153
18405666
18407841
18412956
18418070
18418386
18418388
18418389
18426801
18434401
18439900
18448430
18448434
18451878
18451879
18451880
18457437
18458160
18460465
18464795
18467557
18474241
18480843
18483487
18486612
18486613
18497745
18497746
18497748
18508771
18511904
18511905
18511908
18511940
18515860
18519035
18519037
18519039
18519040
18528439
18535624
18538669
18538670
18538672
18539136
18539146
18539148
18539162
18548008
18550856
18551131
18555800
18560762
18566585
18566586
18566587
18566590
18566598
18570893
18573912
18579758
18583959
18583960
18583962
18583988
18588880
18588881
18588884
18588885
18593881
18593906
18596699
18602463
18604201
18604270
18615096
18615098
18616943
18617892
18626018
18628823
18636086
18636090
18636095
18639526
18644376
18647389
18650932
18650934
18656471
18660751
18660752
18660753
18668123
18671972
18675809
18675810
18675812
18675813
18680311
18682833
18687683
18688254
18688255
18688256
18692047
18692051
18692052
18692475
1870127
1870208
18704118
18719108
18756268
18761085
18768751
18768933
18771726
18775700
18775701
18775702
18786926
18787558
18799741
18804107
18804467
18812399
18817773
18818666
18818692
18818695
18818696
18822289
18829461
18833196
18833288
18833289
18835089
18842582
18843296
1891457
18923418
18923419
18923427
18923428
18923429
18923430
18927584
18927618
18930054
18936167
18946488
18946490
18948102
18948260
18948751
18953286
18955169
18959745
18971944
18977201
18985028
18996118
18996119
19008854
19008858
19008859
19013155
19013156
19013157
19013460
19013461
19014373
19016838
19021767
19022774
19026640
19027007
19027008
19029027
19029947
19037258
19037259
19039327
19039328
19049963
19057511
19059241
19059246
19059247
19061891
19063885
19070619
19070620
19071118
19071119
19071120
19071123
19071125
19073181
19078962
19078967
19083995
19084525
19096365
19098711
19101556
19102630
19109420
19111546
19111555
19114043
19116150
19118547
19121313
19129461
19129478
19131965
19131967
19131971
19138662
19146857
19151751
19153599
19153600
19153604
19153607
19153608
19158663
19165144
19165146
19165147
19165148
19166840
19166841
19166850
19166851
19166854
19166927
19168699
19171140
19172738
19172740
19174163
19177150
19180116
19183553
19197236
19197237
19197339
19214185
19214187
19214191
19214193
19218246
19222999
19223768
19229290
19229292
19229295
19229298
19233177
19234221
19242489
19242490
19245811
19258017
19262564
19262565
19262567
19264842
19267471
19268472
19269366
19270694
19270716
19270718
19275899
19279666
19279667
19285080
19285500
19286657
19289121
19289122
19289404
19289463
19290556
19292987
19294487
19298817
19300438
19302784
19302785
19302786
19305391
19306875
19322194
19322195
19322197
19322200
19322201
19323535
19323566
19327355
19328793
19329994
19331823
19332063
19332064
19339993
19343051
19343052
19345687
19357195
19358846
19360002
19369942
19369943
19369945
19371722
19373253
19373254
19375531
19376117
19376119
19378350
19379743
19387490
19387492
19387494
19390532
19390533
19401189
19401200
19401330
19407811
19407813
19407830
19409388
19419567
19424179
19424180
19424295
19427309
19427856
19427857
19427859
19427863
19427866
19429675
19439179
19440203
19442657
19444310
19444311
19450582
19450586
19460367
19461582
19464300
19465887
19470755
19477150
19478061
19481529
19481544
19487689
19494114
19494828
19494831
19494832
19494833
19498462
19498464
19498465
19506933
19508870
19521339
19521340
19523112
19523113
19523114
19523115
19523119
19523899
19523954
19524571
19524572
19525919
19527717
19527718
19527720
19527721
19528316
19531051
19536131
19536132
19536134
19536135
19536136
19536138
19540236
19543227
19553522
19555689
19556969
19556970
19557001
19558434
19558490
19574957
19574958
19575010
19581931
19583775
19583777
19587046
19590495
19590496
19590578
19590579
19592491
19595761
19595997
19596003
19609302
19609304
19609323
19614740
19619542
19619545
19619546
19622356
19629033
19631210
19631645
19633697
19640509
19644449
19644450
19644500
19646442
19647741
19648646
19661920
19661922
19662078
19664054
19664057
19664063
19665023
19665027
19665028
19667065
19674106
19678837
19680222
19680224
19680228
19682071
19682301
19683529
19691493
19691494
19694802
19694806
19694808
19696740
19696741
19696743
19696784
19696785
19698715
19713935
19713939
19713940
19713941
19713960
19713963
19716822
19716823
19716825
19720063
19720745
19725029
19725871
19725872
19725879
19729011
19730412
19730435
19730436
19732746
19740106
19740107
19740108
19744486
19745809
19745810
19745841
19745842
19746159
19751731
19755120
19755121
19758344
19761766
19763081
19763082
19763086
19763088
19763089
19765080
19766566
19766637
19769747
19779455
19780818
19782076
19782077
19796170
19796171
19796172
19798050
19798056
19798101
19798103
19800331
19801645
19804410
19804412
19808035
19816403
19816407
19818709
19819239
19819240
19820693
19820694
19820695
19833129
19834456
19834512
19841731
19843165
19850040
19851283
19851285
19857493
19860830
19861127
19875982
19875983
19878301
19878303
19883646
19883655
19892016
19893485
19893486
19893488
19893489
19893491
19893493
19893578
19895577
19896943
19899799
19903340
19903481
19909339
19909340
19910927
19912340
19914239
19914244
19914245
19915011
1992167
19927118
19927120
19927123
19927124
19927127
19927128
19930468
19932102
19933256
19933840
19935650
19935702
19935711
19940019
19941857
19942850
19942852
19942853
19942855
19942860
19944104
19944695
19955570
19958771
19959988
19959991
19959992
19959993
19959994
19959995
19968859
19968861
19968986
19968988
19996099
19996220
20005908
20006610
20007511
20010695
20010697
20010802
20010805
20015075
20016286
20018188
20019668
20019757
20026329
20037628
20043910
20043912
20048001
20050180
20051244
20052757
20057353
20057356
20059542
20061380
20062004
20069457
20075859
20075861
20075863
20075864
20075865
20075866
20075868
20085763
20085764
20085832
20086099
20088880
20088881
20094029
20094032
20110348
20111005
20111006
20111007
20111053
20116376
20116378
20118229
20121946
20121949
20127721
20129940
20134482
20138174
20138877
20138881
20146253
20148946
20148966
20150892
20150893
20150895
20150898
20153329
20153330
20154642
20158519
20159018
20168298
20168300
20168301
20168327
20169078
20179209
20186123
20186153
20188095
20188096
20203623
20203624
20206173
20211623
20214683
20214900
20220019
20220139
20224040
20224549
20224550
20224553
20224554
20224574
20224576
2022652
20231380
20236317
20300060
20300062
20300063
20300064
20300119
20303957
20305656
20308328
20309963
20338168
20339350
20345902
20345904
20347812
20347885
20347994
20353789
20360680
20360684
20360685
20363754
20379136
20385133
20385135
20389279
20389280
20389281
20389284
20392205
20392206
20395957
20398657
20399778
20400938
20407420
20410134
20412057
20412061
20412299
20414249
20424596
20433837
20436455
20436456
20439433
20442707
20448663
20451386
20452351
20452352
20453832
20456499
20461055
20461056
20461058
20466002
20467437
20467438
20473270
20473271
20477871
20478393
20485264
20488181
20488182
20488185
20489023
20489724
20489725
20491914
20493856
20495530
20502438
20508642
20508643
20509626
20512112
20512115
20515689
20528918
20528919
20531387
20531388
20531389
20531390
20531391
20531392
20543817
20543819
20551902
20551905
20553488
20553494
20553715
20559324
20561986
20562827
20562830
20571511
20573181
20576936
20577264
20580715
20580717
20585042
20588253
20591429
20596030
20598683
20598684
20598904
20600589
20601937
20606624
20608975
20618438
20618441
20621096
20621101
20621832
20622808
20627101
20627102
20627103
20628354
20628654
20629747
20634802
20637038
20638385
20638386
20638388
20639857
20639859
20643132
20646067
20647997
20651739
20653776
20657548
20657550
20659021
20664520
20664521
20664522
20670214
20676058
20676133
20679480
20681987
20682316
20683442
20691684
20692258
20693977
20696164
20696165
20697350
20699358
20700104
20700105
20708612
20708613
20709061
20711168
20711169
20711170
20713054
20724523
20729810
20801214
20802461
20802462
20802463
20802464
20804755
20804756
20808283
20812988
20818333
20818334
20818335
20818336
20823832
20828565
20828566
20828568
20828572
20829881
20849418
20849852
20850437
20852589
20856870
20859254
20860622
20860623
20860624
20863830
20868680
20869364
20869963
20875081
20875083
20875085
20890309
20924356
20924357
20924358
20924359
20927323
20930847
20930849
20932831
20932832
20935625
20940704
20951136
20953164
20953165
20955520
20959806
20959807
20959808
20965177
20965181
20969866
20969867
20969868
20970423
20970424
20971110
20974138
20974141
20977669
21035448
21045808
21050851
21052091
21054788
21054789
21056039
21057455
21057456
21063387
21063388
21063390
21070772
21070773
21073870
21073871
21078122
21081124
21081126
2108322
21087455
21094159
21094642
21102408
21102411
21102556
21102557
21108945
21109780
21112398
21113127
21113130
21113133
21115007
21119615
21119616
21122074
21126315
21130766
21130767
21131906
21132015
21132016
21134129
21134130
21139563
21139564
21139566
21139567
21146528
21146532
21151042
21156026
21157427
21157428
21157430
21157431
21159657
21163258
21167153
21169990
21179004
21179005
21182589
21183953
21183955
21185288
21187090
21187329
21192935
21199370
21199371
21205206
21212804
21212807
21217642
21217644
21223507
21224849
21224850
21236255
21236256
21237157
21240187
21240188
21240189
21251231
21251912
21252855
21252856
21252941
21252943
21255571
21266176
21274005
21274006
21276203
21276448
21276451
21281446
21281639
21284806
21285945
21293490
21297582
21300063
21310150
21311558
21311561
21314817
21315073
21317870
21317872
21317873
21320289
21320496
21320498
21326211
21331097
21336257
21336258
21343906
21343912
21349274
21358617
21360678
21362419
21364532
21372849
21385318
21388519
2138977
21399610
21399619
21399620
21399621
21407176
21414141
21415856
21418524
21423148
21423151
21427700
21427704
21435182
21439278
21448134
21453705
21457714
21457715
21459093
21460798
21468031
21475249
21481189
21482799
21486563
21487389
21487392
21494248
21496457
21496458
21499228
21505417
21505418
21505419
21508961
21510942
21513714
21516116
21522127
21522132
21525957
21525958
21527912
21527913
2153075
21533037
21552207
21552208
21556048
21569201
21569203
21570396
21570973
21570975
21572390
21572392
21572393
21572394
21575136
21575138
21587206
21597466
21597468
21597469
21600204
21601571
21602787
21605558
21610694
21615688
21620836
2162480
21637298
21640725
21642953
21642957
21651911
21658387
21666599
21669202
21673656
21673658
21673659
21676174
21685874
21689651
21692989
21694720
21701506
21701560
21707922
21708152
21711450
21712812
21720388
21720390
21722636
21723284
21725280
21725282
21729241
21729698
21730963
21738225
21740906
21743437
21743439
21743441
21749650
21750526
21763312
21765394
21765395
21771594
21772247
21772249
21772251
21777381
21777382
21781280
21781282
21785410
21806988
21806989
21812934
21820437
21821029
21822214
21822216
21824286
21827752
21829167
21840310
21840311
21841773
21848669
21857647
21878328
21880740
21880742
21896273
21896487
2189724
21900206
21900233
21903585
21908610
21911040
21915095
21920025
21926968
21936881
21946312
21952048
21952049
21958460
21960005
21968187
21968188
21970979
21972977
21973017
21981077
21983101
21985244
21985969
22001205
22001206
22001208
22001209
22001210
22004424
22004458
22004763
22016384
22023160
22036784
22044534
22044535
22046270
22049414
22056818
22064072
22064073
22064074
22077798
22077835
22077885
22081109
22081141
22085609
22085928
22093364
22099394
22100294
22103682
22108653
22111578
22111690
22115549
22116401
22119730
22129356
22151054
22157895
22172278
22173032
22177524
22188654
22198199
22200570
22200572
22210188
22212508
22212535
22212593
22212631
22212719
22221834
22245152
22245154
22265690
22265692
22265973
22268978
22285492
22289140
22289178
22306117
22309289
22321644
22322943
22325007
22325559
22348341
22365833
22370726
22402663
22404850
22449961
22449962
22449963
22449964
22449965
22471590
22487187
22487239
22500516
22500989
22500990
22512862
22536782
22551069
22564771
22569250
22575641
22575645
22575647
22575650
22575652
22578008
22583869
22584050
22584054
22607347
22609355
22609356
22613557
22616990
22621765
22659184
22668829
22673506
22673507
22673508
22673509
22677170
22677173
22681933
22705156
22712502
22727028
22728135
22748127
22749910
22750143
22750444
22771473
22771904
22804908
22805525
22805611
22819813
22819825
22828282
22841549
22841711
22841714
22841715
22846708
22850116
22863205
22863293
22884571
22913516
22921587
22934938
22968126
22971756
22975076
22982862
22982864
22986341
23010591
23010594
23022564
23036643
23061666
23068615
23075397
2347312
2395459
2494344
2689655
2713105
2760986
2767055
2914611
3097327
3301348
3477645
3640709
7154070
7169635
7228577
7236608
7477400
7479742
7479821
7487883
7490744
7492558
7493940
7493946
7504175
7507203
7509083
7509796
7510216
7513703
7514173
7516469
7517397
7518560
7518772
7522233
7523684
7524477
7527043
7527391
7528537
7528577
7528772
7529871
7529874
7530043
7535773
7535778
7536927
7537096
7537362
7537734
7537852
7538907
7539106
7540934
7542140
7542742
7542744
7544002
7545675
7552746
7559499
7565724
7565739
7565781
7568038
7568201
7584133
7588762
7589433
7592815
7597091
7623382
7623809
7624774
7628441
7629060
7629115
7629138
7642581
7642582
7644498
7644499
7644508
7644510
7651417
7657594
7664109
7666533
7671300
7675079
7678051
7680095
7680435
7680644
7681396
7683666
7684160
7685104
7685273
7687537
7687763
7688466
7692233
7693694
7696853
7703225
7706237
7721825
7730311
7730365
7738010
7744004
7746322
7752231
7760835
7761456
7773779
7782287
7783202
7788293
7791872
7797556
7798267
7807015
7809103
7809159
7815540
7851759
7853498
7859737
7862126
7876130
7877692
7881269
7882972
7893686
7896830
7897663
7922031
7929057
7935391
7935795
7935836
7939632
7957056
7984244
7988556
7993895
7994573
7997267
8027997
8034616
8034624
8036496
8041791
8052633
8062390
8065326
8066444
8068621
8084588
8085158
8101440
8107774
8112292
8114715
8119896
8146197
8156998
8164677
8170944
8181064
8183372
8183548
8194526
8207801
8218161
8223493
8226808
8242750
8246987
8288605
8302837
8321198
8332187
8332195
8344494
8380085
8380896
8381428
8382612
8382774
8384556
8384581
8386265
8388547
8395016
8411358
8413665
8413674
8423815
8438166
8445634
8478942
8479540
8483943
8491186
8505295
8521480
8523566
8524293
8524328
8524402
8524870
8528255
8535235
8538796
8551220
8551580
8551581
8553588
8555205
8564419
8565075
8568892
8570649
8571127
8574854
8577729
8590005
8598927
8601310
8601312
8601796
8603569
8605630
8605876
8605877
8607265
8609167
8612133
8612272
8615784
8617242
8617811
8621392
8621483
8621530
8621607
8621645
8621670
8621719
8622870
8624811
8624812
8625410
8626452
8626543
8626561
8628282
8631775
8631859
8634241
8639815
8641286
8642594
8643668
8648092
8648648
8649369
8657103
8662591
8662795
8662806
8662982
8662998
8663178
8663231
8663994
8666672
8668348
8670801
8670859
8670861
8670882
8673706
8683580
8691146
8691154
8692945
8695788
8700527
8702753
8702968
8703001
8707857
8747462
8780649
8786425
8794736
8798539
8798570
8798676
8805223
8810294
8810330
8816444
8816475
8816495
881729
8824178
8844841
8849729
8871564
8875926
8895367
8901551
8912646
8918688
8929531
8939605
8940013
8940081
8940099
8940134
8955125
8955135
8959326
8962055
8980683
8985253
8986718
8994970
8995379
8995681
8999839
8999861
9003777
9003792
9010225
9016636
9016762
9018065
9020106
9020117
9032233
9032286
9034339
9045686
9047237
9047383
9050838
9050995
9054412
9060478
9062193
9062194
9065465
9065479
9067421
9079677
9079683
9079809
9083103
9092538
9092546
9092835
9108473
9108481
9111084
9114003
9115393
9121453
9133424
9144171
9148763
9148918
9148935
9148966
9150141
9151714
9153224
9153411
9155017
9160881
9162084
9162089
9168958
9174058
9175774
9177165
9178760
9178913
9182527
9182572
9182757
9183008
9185620
9188587
9188637
9190214
9192623
9195926
9200440
9202023
9203586
9204908
9207119
9214386
9215628
9219684
9223484
9223670
9234743
9242378
9242535
9242660
9254595
9261073
9261356
9267021
9278444
9278515
9281317
9284049
9285683
9299613
9300481
9303539
9305851
9305870
9305890
9311810
9311902
9312046
9312087
9312143
9315708
9323129
9326658
9334294
9334740
9335587
9338791
9341123
9341175
9346925
9349482
9353194
9355745
9356463
9360983
9362495
9367879
9368021
9372953
9374493
9380408
9384562
9390557
9392697
9393860
9395493
9398332
9404514
9405049
9405338
9405395
9407132
9412493
9413984
9413990
9414268
9415396
9417052
9417078
9417079
9417867
9418872
9418961
9420248
9422506
9422736
9422753
9428692
9430630
9430661
9431994
9437013
9440688
9447984
9450960
9452471
9454723
9461436
9461599
9466902
9466914
9467941
9480911
9482739
9488668
9488710
9489702
9491887
9497340
9499053
9506989
9512352
9512561
9512716
9516477
9516479
9524113
9525868
9528781
9529148
9529149
9530559
9531549
9531566
9535825
9535845
9535915
9541024
9544989
9545241
9546398
9546424
9548260
9551554
9556625
9560191
9566916
9573010
9580671
9581554
9581568
9582365
9593725
9593750
9596688
9600099
9600917
9603468
9613608
9620676
9620776
9630226
9632690
9632781
9632797
9636370
9647694
9651359
9653190
9655255
9655823
9657725
9659904
9659915
9659918
9660829
9660868
9660940
9660947
9670025
9670943
9671501
9671706
9675118
9677371
9677430
9680483
9681826
9683573
9687373
9687513
9690470
9692543
9694864
9695952
9698550
9698567
9701578
9705868
9705938
9707407
9707552
9712716
9712828
9712853
9712877
9716598
9723620
9724659
9725902
9729040
9733788
9741622
9741631
9742080
9742112
9742218
9742401
9751050
9751051
9751716
9751747
9755158
9757110
9760170
9768757
9768844
9770488
9774102
9774382
9774439
9774457
9786960
9788880
9799632
9804817
9811611
9812983
9813005
9813138
9814969
9819425
9826510
9826659
9829701
9829980
9830007
9830057
9837784
9843442
9843949
9843987
9846874
9857076
9857184
9857189
9857202
9858547
9864141
9867435
9867848
9872323
9874241
9878069
9881696
9881977
9882311
9890938
9890970
9890995
9892650
9892668
9920925
9926942
9927201
9973396
9973406
9989826
9990017
