10036272
10051188
10196544
10196564
10215927
10340505
10341254
10397363
10404408
10407011
10473261
10531454
10594647
10634782
10655521
10678776
10713573
10747186
10771338
10777798
10804195
10864941
10934264
10954838
10995835
10996371
10998107
11029534
11043552
11067982
11090929
1112911
11168548
11226691
11240210
11246149
11259758
11306622
11345131
11353016
11406828
11406829
11530846
11559900
11743965
11784700
11807843
11872264
11920713
12000113
12096061
12115690
12126884
12128002
12209840
12367604
12373367
12379251
12379605
12388773
12565141
12581850
12594513
12614688
12625464
12687707
1270625
12746872
12752786
1279455
12831857
1284975
12948660
12956720
1347249
1360155
1385200
1436505
14580952
14634650
14643757
14648680
14734812
14750656
14751290
14757527
14984406
15026120
15026125
15098725
15098728
15140566
15147307
15183509
15207353
15224983
15342722
15368530
15389613
15483119
15483131
15486016
15498801
15539390
15700275
15708448
15708496
15776443
1584417
1584423
15927687
1597717
16002067
16033887
16081247
16112755
16127693
16141320
16158978
16226385
16237182
16267214
16280590
16399667
16584711
16621165
16641241
16648849
1675593
1676925
16781682
16870744
16876886
1690225
16908411
16930755
17016818
17042797
17093119
17122364
1713171
17185334
1721075
17366610
17368561
1744242
17503488
17611285
17679692
17699661
17765709
17765710
17765711
17765712
17765713
17765714
17765717
17765720
17765721
17765742
17765743
17898215
17904250
1793176
17942321
17996219
18005945
18077687
18177862
18184315
18189311
18295581
18367092
18388134
18440708
1850080
18502731
18504292
18546278
18558471
18596171
18599092
18599766
18620078
18662340
18662864
18691558
18769556
18789377
18829959
18832015
18997013
19020015
19150393
19176803
19189715
19232379
19300446
19339609
19339618
19489004
19496174
19588159
19655319
19655320
19675296
19699779
1971287
19735288
19741117
19750211
19965717
20037579
20107060
20130170
20147544
2026788
20345910
20399728
20421280
20454678
2045880
20510860
20512133
20529124
20534847
20547211
20547684
20554881
20660272
20720120
20882544
20934916
21060720
21068319
21115639
21123660
21172609
21256930
21277654
21331324
21344409
21389243
21452204
21511899
21516261
21616128
21697442
21795545
21795548
21867885
21915341
21983681
2199841
22016519
2203093
2203095
22076136
22125513
22159120
2215928
22161956
22162008
22230770
22304664
22314660
22423087
22431345
22437342
22512307
22573673
22612815
22654744
2266195
22666191
22700932
2273087
22826340
22864613
2289972
23042082
23162426
23219884
23227003
23316139
23334580
23337532
23419891
23420672
23443839
23536064
2357533
2358523
23674373
23843535
24026287
24027288
24097043
2413092
24141313
2419523
24336151
24453325
24457213
24457215
2447048
24671999
24920624
25044969
25253849
25309345
25429143
2611653
2765919
2771045
2872280
2880880
2900062
2925892
2925894
3169171
3187908
3209750
3224425
3234499
3235823
3292009
3304536
3315112
3357023
3357024
3385020
3401733
3418118
3514690
3548884
3607424
3607449
3612227
3700723
3779810
3803491
3819038
3896391
3991060
4044938
4907846
6131400
6135179
6147175
6147798
6149275
6197428
6200800
6315469
632370
6371581
6514183
6619905
6751467
6759828
6850348
687975
7079742
7095040
7119174
7187915
7204652
7286122
730852
7333948
7427632
7472426
7477292
7478170
7499560
75042
7512719
7517996
75894
7700525
7745443
7751967
7842056
7874231
7884451
7889123
7889124
7925807
7931512
7931561
7968350
8035215
8075825
8085161
8104433
8124522
8124523
8159242
8170352
8197576
8261117
8261118
8269038
8276990
8283200
8300905
8309524
8376624
8410199
8434003
8469376
8576427
8589792
8589793
8592201
8607999
8627369
8627375
8698887
8720498
8731228
8757246
8758949
8773257
8783251
8783252
8783271
8786797
8790433
8801119
8841829
8915675
8931018
8953305
9030419
9034894
9034897
9044377
9070741
9087520
9096150
9098569
9104599
9151716
916815
9208867
9219929
922488
9228528
9259481
9268118
9295210
9300769
931512
9330357
9332723
9334386
9334415
9347353
9383204
9460749
9466448
9483514
9490837
9490840
9497429
9503336
9547246
9548550
9603372
9620702
9703026
972204
9742148
9749802
9751150
9838044
9870941
9875359
