07545954
07939630
08531967
08751436
08942979
09333265
09497265
09523200
09585599
09805131
10373534
10406662
10424822
10426999
10459348
10479726
10506595
10667592
10699917
10811118
10951344
11137998
11157798
11301010
11320250
11385711
11389159
11504767
11526114
11573086
11877378
11916966
12034536
12037674
12142080
12215251
12354784
12400015
12427738
12457999
12474142
12496476
12531920
12601471
12759930
12815598
12900794
12915465
12955716
12955719
14513821
14534301
14576432
14647443
14729053
14976165
15001988
15125843
15133502
15133503
15172985
15184261
15235020
15290653
15300854
15345110
15350310
15353005
15533909
15609993
15689452
15726418
15743496
15829246
15876480
15923272
16014699
16088935
16101277
16211554
16267036
16280041
16403807
16489001
16518693
16528612
16619214
16760288
16786532
16969499
17005433
17011978
17063491
17279547
17305420
17308087
17341484
17493881
17902052
17924331
18036263
18165637
18285836
18375895
18391021
18415037
18424508
18493658
18500671
18680205
18693280
18694767
18712473
18757339
18824701
18992264
19150617
19287957
19393826
19404736
19452558
19493677
19543972
19563646
19706752
19892845
20020529
20054658
2010
20103620
20215541
20378548
20437199
20455026
20513136
20516115
20522429
20737206
20875879
20967475
21673748
22889855
24667779
