10022819
10022821
10023666
10023701
10023947
10025877
10027390
10027401
10029085
10029095
10029456
10037070
10049058
10063718
10067984
10068201
10068652
10069444
10070310
10070316
10070859
10070865
10070891
10070948
10071127
10071245
10072161
10076565
10079245
10079377
10080602
10080604
10080613
10084308
10086344
10086736
10087941
10089975
10090410
10090949
10091733
10091760
10092071
10092130
10094558
10095452
10096247
10188904
10188905
10189890
10189891
10189896
10191774
10192393
10192426
10197610
10201537
10201760
10203285
10206488
10206490
10207632
10208439
10208465
10209495
10211947
10211998
10212000
10213482
10213514
10214865
10215192
10216106
10217560
10219836
10220428
10220498
10221335
10223186
10223563
10225439
10225670
10229204
10229776
10231401
10233379
10233780
10319940
10323080
10323884
10323885
10326868
10327054
10327057
10327069
10328215
10328221
10328544
10329012
10329596
10334492
10334566
10337991
10338002
10338330
10340381
10340391
10340905
10342361
10347549
10348818
10349991
10350439
10353750
10354136
10354161
10357405
10359553
10360673
10362137
10362788
10362809
10363573
10363579
10364037
10366412
10367371
10367940
10369293
10373639
10374400
10379685
10380936
10388472
10389750
10389976
10389978
10389980
10389982
10391090
10391558
10391564
10392633
10392898
10393358
10393843
10394935
10396284
10397263
10397742
10398111
10398127
10398160
10398435
10398436
10400184
10400423
10402253
10404099
10405637
10408409
10408414
10408854
10408907
10414414
10416591
10416986
10416987
10417756
10421261
10423403
10424779
10424823
10425298
10426588
10427138
10429654
10429655
10430398
10432931
10433623
10433931
10433945
10433955
10440612
10441003
10443675
10446461
10451696
10451700
10451707
10454237
10463479
10463572
10463574
10465111
10465580
10467410
10468886
10468914
10469011
10469215
10469453
10470842
10471040
10471491
10472782
10474522
10475130
10475381
10475786
10477703
10479724
10482020
10484017
10485460
10485468
10485475
10487827
10489166
10490821
10490837
10491015
10492040
10492244
10492641
10493496
10493837
10496592
10498902
10499615
10499618
10499619
10502323
10502830
10503872
10503881
10504528
10505029
10506718
10510729
10511729
10519384
10520030
10522720
10523693
10526271
10530560
10534174
10537274
10537333
10543256
10545724
10547570
10551321
10551330
10552961
10554798
10555007
10555010
10556013
10556217
10556283
10557071
10560660
10564585
10564951
10564952
10565681
10565682
10566665
10567903
10568819
10571506
10571517
10573574
10574242
10574255
10574596
10575317
10580029
10582680
10584701
10584868
10589767
10590684
10594843
10595453
10595907
10595915
10597262
10597266
10602515
10602519
10602520
10605700
10607740
10607839
10610119
10612810
10614528
10615230
10619963
10620587
10621852
10622534
10623683
10627141
10627475
10628321
10628802
10629071
10629655
10632344
10633134
10634374
10634422
10636746
10637069
10637254
10638959
10639144
10646853
10647896
10649241
10650812
10651751
10651986
10653004
10653866
10655994
10656431
10656695
10657903
10658907
10660321
10660330
10661623
10662591
10665646
10665649
10665650
10666371
10666372
10667421
10671680
10671690
10673750
10674608
10675478
10675480
10675482
10675493
10676628
10676634
10677298
10679920
10680889
10681434
10686936
10690522
10691863
10693987
10694947
10697269
10698499
10698519
10698524
10699891
10699958
10700176
10700188
10700864
10702393
10702394
10702731
10704678
10705874
10706069
10706082
10706106
10706127
10706620
10706759
10706887
10709091
10709095
10709097
10710048
10713707
10715991
10718206
10718207
10719371
10720156
10728699
10734314
10735503
10735894
10737508
10737795
10738270
10738303
10739698
10741010
10741284
10741690
10743047
10746673
10748870
10748875
10750666
10751354
10752688
10753186
10753204
10754205
10754498
10754986
10755401
10759189
10759881
10760686
10760687
10760691
10760757
10760817
10764154
10764158
10766161
10766184
10766393
10767358
10767369
10767714
10768832
10772683
10777194
10779196
10779442
10779630
10779647
10780666
10782406
10784582
10786670
10786688
10790227
10792276
10793068
10793075
10793088
10793107
10797268
10799746
10802655
10803523
10803532
10804287
10807789
10809848
10811105
10811497
10811981
10812008
10812170
10818590
10822219
10824925
10824928
10830574
10834386
10835493
10835516
10835530
10835629
10842247
10846560
10849331
10850436
10851265
10851492
10854222
10856877
10861467
10861474
10862049
10862053
10867643
10870030
10871156
10873622
10874025
10874304
10874314
10874665
10878546
10878547
10881743
10882148
10884918
10889924
10889927
10890722
10891567
10894600
10895816
10896202
10897036
10901165
10901233
10914559
10914716
10914721
10914725
10915003
10918183
10918191
10918210
10918240
10918569
10919051
10923915
10925357
10928060
10928081
10929724
10931084
10934142
10935649
10935650
10936679
10942797
10945494
10948316
10948324
10949935
10949938
10951339
10953333
10955797
10955808
10956404
10956407
10958767
10958784
10958872
10958949
10959092
10962443
10962865
10963386
10966170
10966568
10969799
10974408
10975709
10976720
10978354
10980114
10980116
10980135
10980610
10982594
10987300
10989634
10993646
10995883
10995889
10997733
10998080
10999735
10999737
10999739
10999741
11000339
11004672
11005505
11006040
11007037
11007040
11007041
11011123
11012986
11014540
11020858
11021747
11021813
11021816
11022192
11023067
11023095
11023523
11023538
11025365
11026105
11029509
11034102
11034592
11035285
11035845
11037343
11038779
11040453
11040941
11040944
11044641
11045568
11045784
11048797
11048799
11049997
11051223
11051241
11051249
11051374
11052475
11053650
11054685
11054718
11058874
11058905
11061340
11063223
11063792
11064357
11064676
11066083
11074541
11074560
11075851
11078762
11079169
11085513
11085541
11088049
11091200
11095441
11095446
11096348
11097231
11102889
11102958
11103785
11103790
11103795
11104031
11106095
11106555
11107054
11107173
11108659
11110050
11113864
11114733
11115351
11115546
11115575
11115850
11117578
11119125
11123721
11123760
11123763
11125285
11127266
11127756
11128715
11133746
11134110
11135265
11135437
11135438
11141476
11141506
11145249
11146448
11147171
11148558
11149028
11149627
11150913
11152345
11156374
11156411
11157491
11159175
11159196
11161376
11161377
11161379
11161385
11161397
11161860
11162437
11163104
11163116
11168858
11169520
11170292
11171833
11172591
11172613
11173660
11174629
11176062
11178628
11178636
11179477
11179836
11180073
11180166
11180865
11182035
11185887
11189233
11190805
11191353
11193470
11196159
11196171
11196175
11207050
11208819
11211612
11212268
11212897
11213832
11215285
11215737
11221842
11223542
11223675
11227733
11229518
11230707
11231481
11232035
11232644
11232646
11234884
11237496
11238048
11238055
11240689
11241240
11241321
11241409
11242107
11242790
11244334
11244503
11244507
11245416
11248065
11251174
11255261
11259087
11261815
11272901
11273008
11275790
11275983
11275993
11276007
11279608
11280771
11282485
11282486
11283541
11286481
11289098
11289147
11289281
11290569
11290608
11291068
11291078
11291079
11293895
11295071
11295075
11297255
11297763
11299797
11301351
11301359
11303791
11304041
11304579
11304690
11306496
11306511
11307149
11307615
11308256
11308259
11309300
11309337
11309340
11309459
11310641
11310834
11311485
11313896
11314002
11315765
11317955
11319806
11322170
11323219
11325447
11325814
11329137
11329142
11329143
11329146
11330582
11333292
11336244
11340253
11342770
11344494
11349153
11351254
11351300
11351304
11353048
11353055
11355167
11355302
11358811
11358836
11360189
11369059
11369633
11369655
11371136
11371647
11375957
11376557
11376803
11377687
11378660
11380395
11380399
11381370
11384100
11385321
11387355
11388392
11389059
11389067
11390535
11391594
11391801
11395371
11395387
11395555
11396184
11401316
11406538
11406557
11406644
11406645
11407651
11409870
11410326
11410804
11417998
11421296
11422798
11423618
11429702
11429783
11432318
11433398
11433400
11433413
11433527
11434721
11435176
11435722
11436166
11437403
11437404
11438465
11438467
11438483
11439401
11441341
11441343
11442493
11443619
11446735
11449303
11450996
11454429
11455002
11461083
11463457
11464048
11464291
11466624
11466687
11468183
11468194
11470766
11471459
11472567
11472568
11474174
11474281
11474297
11474654
11477549
11480729
11481457
11484819
11485021
11485898
11485924
11487539
11489795
11493336
11493472
11494027
11495043
11502816
11505222
11505392
11507043
11507701
11515790
11516106
11519035
11519857
11520139
11520156
11520807
11521235
11522621
11523567
11524144
11526487
11526491
11529856
11531258
11531799
11531932
11535508
11536052
11549677
11549832
11550286
11551833
11553860
11555573
11555594
11556543
11556833
11557779
11557787
11559529
11559534
11562750
11562787
11563603
11565033
11565034
11566348
11567109
11567233
11568911
11569495
11570580
11570916
11573731
11573822
11579678
11580146
11580998
11585417
11585731
11585741
11585760
11588905
11590071
11591848
11592095
11592102
11595686
11598162
11605053
11605070
11605075
11606375
11642545
11666046
11668203
11668479
11668501
11668620
11678426
11679946
11679947
11681414
11684725
11684968
11688571
11689295
11696170
11696422
11699208
11699412
11701736
11703283
11703325
11704835
11704866
11719439
11719457
11720441
11720475
11724349
11727259
11727262
11727270
11731417
11733352
11733360
11733961
11741745
11745189
11745231
11745240
11745420
11745495
11746989
11747475
11748586
11749694
11751374
11751490
11751493
11752859
11753042
11753604
11753639
11753985
11753987
11754110
11755465
11756177
11756185
11756186
11756228
11764090
11776043
11782570
11782667
11786393
11787853
11788563
11791187
11793370
11793440
11796830
11801303
11801555
11801556
11801559
11802210
11804278
11806150
11807778
11807803
11809714
11810181
11813174
11815873
11815980
11819688
11819789
11819820
11820618
11821960
11823972
11823984
11826189
11826361
11830484
11836555
11837710
11840282
11843295
11846300
11849740
11850075
11850526
11850541
11853795
11854066
11854177
11854596
11854598
11857309
11857392
11857408
11859213
11859874
11861307
11861435
11874489
11875738
11878574
11878783
11881786
11883863
11886512
11890993
11890997
11891193
11891531
11893906
11894114
11895856
11896103
11896204
11903582
11903609
11904335
11904337
11904459
11910511
11916518
11920497
11920642
11920740
11921277
11921279
11921280
11921283
11923604
11925138
11927008
11929815
11929827
11930117
11932899
11932901
11936585
11937885
11939587
11943335
11943705
11943721
11943732
11943962
11948123
11948487
11950921
11953860
11956582
11956818
11957146
11960918
11964046
11964322
11967908
11972800
11981607
11981662
11986208
11986336
11986952
11990821
11992403
11992546
11992552
12000708
12001123
12002761
12004001
12004007
12007509
12007715
12010886
12011146
12011252
12012008
12015762
12021900
12023580
12032228
12034531
12037578
12037676
12039929
12039935
12040444
12040455
12047763
12051537
12057910
12060387
12060388
12060632
12064467
12064559
12065770
12065772
12065773
12065775
12065783
12067995
12068298
12068308
12070009
12070601
12071524
12072425
12076276
12082617
12090425
12091362
12093899
12094379
12096341
12096716
12097271
12101426
12107107
12107841
12110043
12110635
12110640
12111402
12111653
12112314
12112524
12112529
12112531
12114654
12114739
12114798
12115316
12115363
12115559
12117769
12117880
12117890
12118317
12118324
12118338
12118546
12120000
12124774
12124804
12130516
12131150
12131162
12135058
12139726
12139740
12144684
12144911
12148890
12149228
12161538
12163385
12165445
12167102
12168098
12168116
12168936
12169678
12169680
12170088
12170096
12172044
12172547
12175345
12175546
12176791
12181274
12183400
12183429
12187430
12189502
12189555
12190185
12190287
12190879
12198537
12198577
12199346
12200684
12200707
12201571
12202501
12203220
12203362
12203782
12203783
12203794
12204003
12204056
12204060
12204532
12207741
12209590
12209999
12210082
12211048
12211074
12213194
12213728
12217802
12218455
12234999
12237285
12237885
12239146
12239147
12239584
12269992
12296765
12297840
12322838
12324708
12325066
12351377
12353142
12353315
12354125
12355088
12357354
12358243
12359745
12362979
12363464
12368157
12370746
12370756
12374230
12375013
12375019
12375265
12376211
12377409
12377657
12378519
12378528
12378530
12378616
12379771
12384447
12385008
12386821
12387455
12393381
12393388
12393679
12394763
12399960
12399961
12399980
12401829
12402157
12402302
12402348
12404284
12405390
12406191
12406902
12408524
12414510
12414520
12417040
12417597
12424567
12429635
12429636
12434154
12438234
12439172
12439747
12439748
12442000
12446472
12447372
12447615
12447671
12447702
12450792
12457032
12459622
12459636
12460462
12460918
12460919
12460923
12466115
12468427
12468438
12469165
12469233
12471221
12474227
12474228
12478663
12481903
12483005
12484572
12492581
12499255
12499916
12502925
12505262
12505264
12507139
12509970
12519307
12519876
12522257
12522450
12522539
12522551
12524418
12527710
12529654
12529667
12529668
12529696
12532420
12532425
12533684
12538474
12538475
12538478
12539049
12540507
12542597
12543779
12543796
12545816
12551822
12555067
12555076
12556968
12561067
12566532
12569357
12569386
12569555
12569572
12569575
12575848
12579530
12580961
12586620
12591721
12592334
12598313
12598910
12604374
12606131
12609565
12610329
12610504
12612889
12619120
12620411
12623848
12626907
12632098
12632102
12635138
12635658
12637159
12640682
12641630
12641779
12644054
12644542
12648581
12649131
12649174
12649198
12650516
12651205
12652616
12653957
12660034
12660384
12661006
12661007
12661011
12663519
12665675
12670889
12673678
12673679
12675315
12675764
12676775
12681969
12683899
12684622
12684665
12687023
12688351
12692057
12692194
12692518
12692519
12692682
12692841
12692842
12694651
12695913
12696065
12696068
12697856
12697903
12700822
12701114
12702504
12707374
12707379
12708483
12711114
12712441
12713560
12717247
12717436
12717828
12719725
12720172
12721243
12726864
12727838
12727991
12730870
12730871
12732498
12732731
12736494
12737446
12738854
12743143
12744472
12747884
12749268
12750159
12750701
12752119
12754743
12759240
12759497
12759922
12763927
12766905
12767512
12769020
12771948
12771989
12771990
12774245
12778069
12780793
12781449
12783209
12783933
12786837
12786894
12787312
12788883
12792793
12794760
12795343
12796025
12796377
12796400
12800196
12801532
12801839
12802288
12807758
12815487
12816858
12819038
12821741
12824225
12824871
12824925
12826896
12828062
12833148
12835230
12838317
12841388
12842979
12845670
12850374
12850375
12852866
12853836
12853838
12858175
12861058
12864795
12866375
12866584
12867802
12870051
12870229
12873977
12873990
12874780
12876210
12879021
12881714
12883680
12890146
12890389
12893203
12898359
12907366
12907632
12907633
12908779
12911724
12912937
12912938
12912958
12915129
12915480
12915879
12917640
12918066
12918080
12919957
12920223
12920229
12920579
12920764
12921629
12924439
12926124
12930316
12930346
12931219
12935923
12935924
12935933
12939746
12940438
12940460
12941804
12941809
12947056
12949711
12955724
12960119
12960123
12960210
12963979
12964013
12969789
12969793
12969963
12970315
12970322
12972634
12973844
12975302
1299531
1310070
1311638
1312542
1312896
1314024
1314130
1314370
1317262
1317264
1317462
1317572
1322782
1323601
1323928
1324794
1327523
1329054
1331621
1332921
1333465
1336666
1338691
1338760
1338904
1341261
1341278
1346255
1347094
1347252
1348931
1349102
1350005
1350261
1352298
1355210
1361585
13679433
13679444
1375111
1381946
1381957
1382850
1385636
1390218
1390233
1391809
1394236
1396073
1403838
1413827
1413844
1423316
1427748
1433344
1442931
1444240
14499690
14500346
14500362
14500589
14501284
14502807
14504097
14506146
14506148
14506739
14507635
14508525
14513361
14513377
14514342
14514923
14514925
14517845
14519636
14520438
14522889
14522897
1452458
14529657
14533940
14534542
14534723
14534749
1453686
1453775
14551300
14551737
14553945
14554237
14556920
14559814
14560152
14562119
14562278
14562286
14566817
14571755
14574326
14577491
14578034
14578169
14580680
14581362
14583777
14584071
14585940
14586645
14592816
14595746
14595762
1459726
14601056
14602780
14603338
14604973
14612909
14614047
14614053
14615365
14615834
1461658
14616967
14616999
14618621
14618633
14625809
14627345
14627992
14633303
14633450
14633673
14635100
14638962
14639103
14639609
14639659
14640107
14641293
14643521
14644997
14645423
14645696
14647445
14648662
14648792
14649326
14654050
14654075
14654549
14654913
14654916
14655763
14656875
14657715
14668801
14670539
14670924
14671635
14672397
14675778
14676802
14677065
14677066
14678961
14679157
14681318
14681681
14684662
14687797
14688025
14688830
14691295
14691917
14692643
14694524
14695143
14695152
14695343
14695993
14697642
14708620
14712292
14713269
14714296
14714834
14716513
14719068
14719105
14720503
14722037
14722917
14724583
14724591
14726385
14726466
14726504
14732922
14732923
14734467
14734469
14734474
14735203
14737077
14739043
14742318
14743508
14744540
14745431
14745729
14749708
14760087
14764066
14767509
1483940
1483946
1486847
14961576
14962108
14965365
14967957
14969745
14969845
14970870
14976538
14977832
1497800
14981901
14982869
14984498
14984580
14984964
14989495
14989743
14990611
14991899
14991902
14994125
14996715
14996725
14999283
1499939
14999698
15001635
15004653
15009007
15009076
15009714
15009715
15010069
15012776
15014009
15014024
15014028
15014986
15016963
15017592
15017656
15021901
15022058
15026322
15026806
15031625
15035285
15036894
15039212
15040037
15043115
15043312
15044653
15045545
15046639
15048078
15050734
15057748
15059064
15060100
15062876
15063132
15063137
15064998
15067099
15067328
15067546
15069678
15069679
15069681
15070711
15072829
15072830
15073597
15073856
15077125
15077168
15078490
15083190
15083323
15085150
15085762
15087667
15095090
15095270
15095272
15098008
15099349
15099937
15101049
15102681
15103201
15104286
15105652
15107966
15112348
15113040
15118073
15118125
15118275
15118616
15120929
15126338
15126572
15127279
15131047
15133491
15135005
15138551
15138556
15138567
15138854
15139001
15140228
15140233
15140238
15140553
15142116
15142876
15144405
15145515
15145527
15145934
15146165
15150562
15150569
15151624
15154005
15154647
15154912
15157044
1516069
15160946
15161700
15161705
15163009
15166261
15166264
15166674
15167009
15167010
15167915
15172121
1517386
15175083
15176713
15177666
15179189
15180860
15180862
15181070
15181454
15184373
15185002
15185075
15186612
15188137
15188147
15188455
15191558
15194222
15195109
15195111
15195113
15195137
15196854
15198361
15200485
15201427
1520342
15208688
15214912
15217933
15217946
15221372
15221786
15221941
15223958
15223963
1522903
15234579
15235871
15236194
15240649
15244246
15246568
15247181
1524724
15251969
15251987
15252839
15254419
15254976
15256783
15257314
15257548
15257941
15257945
15262426
15269295
15269296
15269297
15270885
15272920
15273715
15274399
15277467
15281343
1528264
15282682
15286804
15287021
15287030
15288479
15289301
15289313
15294323
15297972
15298727
15305374
15305417
15308259
15308588
15310147
15312469
15312679
15313887
15316311
15320975
15323137
15326474
15326484
15327527
15328478
15329413
15329487
15329908
15330192
15330802
15331511
15331929
15337798
15339674
15340260
15342366
15342696
15343344
15343512
15345592
15345593
15350299
15350633
15352981
15354743
15356020
15356022
15361301
15361840
15361843
15363320
15364967
15367885
1536950
15370252
15371947
15371955
15373778
15376261
15376262
15377487
15381060
15381906
15385114
15385933
15386438
15387340
15388813
15390206
15390271
15390279
15446583
1544704
15447767
15449173
15450401
15450725
1545154
15455230
15455340
15456175
15457249
15459012
15466181
15467732
15469479
15471556
15472075
15472223
15474158
15476271
15482489
15483023
15488029
15492241
15492292
15492756
15492791
15492843
15492989
15492995
15492998
15494708
15494720
15495191
15499621
15503312
15507235
15507672
15510198
15512820
15513360
15515191
15516980
15517309
15517868
15520168
15523690
15531428
15531515
15532706
15533223
1553789
15538112
15540118
15540161
15541116
15541358
15542810
15543237
15543611
15545668
15547711
15547749
15547773
15548361
15549365
15564288
15564800
15565546
15572583
15573917
15575056
15578519
15579438
15581971
15588860
15588866
15604238
15604253
15604279
15605984
15606674
15608678
15609345
15611505
15613106
15613436
15613867
15616773
15618961
15621809
15623594
15623628
15625347
15625370
15625379
15625552
15628889
1562975
15630448
15630526
15633233
15634444
1563844
15640831
15641040
15642401
15643509
15643511
15644779
15645492
15647192
15647941
15650049
15650354
15654280
15656799
15659501
15659725
1566048
15667533
15668803
15668893
15671569
15671769
15672285
15674332
15674355
15674414
15679305
15681531
15682042
1568228
1568247
15684603
15685537
15686466
15687339
15688405
15690055
15691789
15693850
15696125
15696205
15701569
15702478
15705916
15708062
15710230
15710585
15710947
15712185
15712267
15712344
15713979
15714060
15714593
15720420
15722637
15723290
15725473
15725481
15725802
15728811
15729701
15729702
15729718
15731348
15734482
15735034
15735036
15735574
15735660
15735765
15735849
15737846
15738541
15741570
1574246
15743324
15746035
15746041
15747098
15749679
15750270
15753357
15753388
15753399
15754732
15755284
15756005
15756592
15756595
15760917
15761868
15761872
15763659
15765445
15767811
15771905
15772091
15772698
15778432
15779233
15779579
15779580
15780185
15781101
15781657
15784156
15788655
15790700
15791479
15791567
15793561
15795882
15796961
15801689
15802015
15802278
15805248
15805263
15807885
15809750
15811621
15814635
15814640
15818752
1581890
1581907
15819719
15819981
15824741
15825690
1582882
15834506
15837541
15837627
15837735
15837753
15838387
15838390
15841378
15842051
15842656
15851406
15851741
15852431
1585764
15858149
15858187
15860661
15863200
15863268
15863375
15863514
15869706
15870172
15870435
15870831
15875089
15875728
15879502
15880523
15880580
1588796
15888787
15889156
15891929
15894928
15897563
15897742
15897759
15897885
15899142
15899774
15899790
15899794
15902284
15902997
15908952
1591047
15911107
15913747
15915369
15916804
15917418
15920544
15920555
15921012
15921389
15922892
15923161
15924252
15924253
15926108
15926159
15926618
15928039
15928251
15928660
15929038
15929122
15929128
15930341
15930355
15932632
15935100
15937088
15940269
15943036
15943041
15943787
15944766
15946559
15947103
15948115
15948220
15951301
15951557
15955231
15956079
15956279
15956649
15956964
15958551
15958609
15963235
15968271
15972446
15976348
15976351
15976757
15980887
15980970
15981102
15982329
15982331
15985168
15985544
1598607
15990866
15991007
15993272
15993274
15994075
15994285
15994877
15996732
15998781
15998907
15998951
16000567
16001072
16001431
16001434
16002952
16003726
16003751
16005868
16007166
16007203
16007344
16007576
16010549
16010693
16012335
16014569
16014883
16014893
16014894
16014895
16015044
16015387
16021514
16021566
16021577
16021678
16024113
16029370
16029447
16029448
16029927
16034466
16037387
16038735
16040406
16040860
16043828
16045543
16046528
16049311
16049512
16051734
16051952
16052218
16052518
16052537
16054688
16059649
16061860
16076867
16076872
16077965
16077986
16078265
16078640
16079889
16079890
16079892
16079893
16080955
16081157
16081684
16081687
16082587
16086077
16086408
16086416
1608859
16091753
16094359
16094622
16096377
16096402
16098042
16098043
16100468
16102578
16105816
16105905
16105978
16106193
16107887
16109776
16109989
16110022
16111540
16112193
16113234
16114017
16114033
16115143
16115145
16115929
16117801
16123397
16126884
16126886
16127162
16131791
16133369
16133419
16139561
16140420
16140923
16140927
16142313
16142319
16143028
16143123
16144912
16144918
16150119
16150941
16151468
16151725
16153468
16156866
16156870
16157025
16157200
16157203
16158966
16160475
16160481
16161005
16161041
16162961
16163548
16166280
16166437
16166444
16168105
16170021
16171945
16172239
16174251
16174717
16175573
1617650
16177659
16177957
16178904
16179870
16180134
16181240
16183105
16184177
16186508
16187281
16188233
16197445
16197451
16198442
1619852
16199108
16203282
16204011
16204023
16204151
16211227
16211354
16213360
16220269
16220270
16225651
16229746
16230371
16230383
16231316
16234360
16234532
16235153
16235243
16239910
16239911
16242000
16244291
16247455
16254134
16254181
16256179
16258095
16258521
16260276
16261586
16263589
16265655
16270038
16270039
16270043
16271343
16271749
16273236
16273242
16273252
16273266
1627381
16276091
16281072
16281935
16282176
16284368
16284436
16284736
16286044
16287112
16287491
16287495
16287497
16288007
16291174
16291592
16293597
16294026
16297706
16299242
16306788
1630814
16309427
16318864
16319478
16321856
16321863
16322209
16322273
16322298
16324836
16325696
16326981
16328663
16330434
16330446
16330947
16331247
16331280
16332604
16332719
16337856
16338952
16339184
16341038
16341802
16343267
16344060
16344317
16344319
16353168
16353180
16354586
16356174
16357008
16357019
16357143
16357515
16358218
16360423
16368411
16368883
16369984
16371029
16373657
16373964
16374007
16376301
16376942
16377488
16378715
16379193
16380997
16381005
16382114
16383300
16384930
1638540
16387360
16397024
16397241
16397408
16398659
16400343
16402937
16403224
16404419
16404744
16406868
16407837
16407879
16408096
16408098
16410449
16410717
16410744
16412137
16413100
16414544
16416164
16416221
16417231
16417232
16417920
16418333
16418499
16421478
16421887
16424392
16424865
16424867
16424869
16424876
16429393
16430486
16434186
16434495
16434499
16434896
16435379
16441423
16442619
16443951
16444749
16445780
16445822
1644659
16447252
16452550
16453003
16453004
16455956
16456810
16459017
16460801
16461300
16461462
16461775
16463202
16467080
16467085
16467864
1646989
16470173
16474838
16477636
1647768
16478646
1648218
16487015
16487358
16487440
16488999
16492805
16496320
16497872
16498399
16501600
16501605
16501842
16503548
16505276
16505440
16506600
16507630
1651563
16517477
16518809
16518851
16519562
16523258
16525665
1652568
16528528
16531268
16532037
16532038
16532437
16533526
16533529
16533766
16533793
16537803
16538442
16538443
16538517
16538614
16540682
16540685
16540731
1654209
16542442
16546874
16547469
16547470
16551849
16551858
16552419
1655254
16557238
16557239
1656362
16564920
16567021
16567472
1656759
16567768
16567976
16570275
16570285
16571096
16572200
16572201
16572202
16572634
16573740
16573741
16573742
16575003
16575012
16575872
16575875
16582596
16585160
16585161
16586562
16596188
16596195
16596244
16598303
16598306
16598312
16598313
16598499
16599949
16601293
16603627
16607381
16607561
16608795
16609064
16610016
16610057
16612978
16613660
16614245
16617322
16618716
16618717
16619048
16619251
16619252
16619525
16619582
16620973
16624482
16625296
16627249
16627264
16627272
16627986
16628090
16630292
16630339
16630479
16631465
16631466
16631468
16631474
16634907
16638863
16639307
16642044
16643447
16645202
16645205
16645206
16645213
16645236
16647948
16647949
16647953
16651537
16670082
16672372
16675710
16676402
16678898
16681596
16681692
16682293
16685387
16685437
16685513
16687919
16691592
16696020
16697535
16697720
16699497
16703880
16704439
16707008
16707600
16707754
16707764
16708370
16709929
16710304
16720329
16720834
16721043
16721785
16723849
1672732
16728573
16728576
16728578
16728702
16730884
16731589
16731593
16733209
16733218
16736500
16737888
16741247
16741248
16741525
16741618
1674365
16753739
16756473
16757411
16757685
1675933
16760187
16760300
16761621
16762626
16764926
16765476
16770100
16772349
16772351
16773193
16775247
16778113
16778340
16778591
16778799
16778826
16779792
16784981
16784984
16785193
16785283
16785471
16785766
16786117
16786129
16786134
16786152
16787500
16787503
16790588
16791266
1679529
16799476
16803953
16804112
16804544
16804962
16806438
16810068
16817812
16818615
16818621
16818685
16818855
16820092
1682043
16821082
16821597
16822308
16822827
16824748
16825501
16825505
16825508
16826224
16827139
16827805
16827884
1683380
16834459
16836749
16837691
16837775
16841094
16842246
16842259
16843106
16843107
16843266
16844528
16844734
16845322
16847456
16849360
16849644
16856885
16857985
16858683
16863509
16864960
16865253
16865277
16865565
16867867
16868251
16868253
1686883
16870303
16870548
16871275
16871278
16871279
16871281
16871284
16874816
16877349
16877735
16878328
16879389
16880785
16884691
16885051
16885334
16888614
16888631
16888913
16890317
16890646
16896265
16897741
16900208
16900509
16902153
16902769
16906516
16908931
16909113
16909133
16912161
16912228
16912229
16916138
16918136
16918957
16920565
16921041
16921488
16923108
16923114
16926301
16929538
16930139
16930335
16930767
16931592
16931872
16931951
16932068
16932337
16932338
16932350
16937145
16937357
16937443
16937524
16938571
16938665
16941471
16941478
16941491
16949921
16949922
16951139
16951141
16952044
16952311
16953212
16953233
16954519
16955219
16956348
16956568
16956836
16956837
16959434
16959974
16964375
16967453
16969349
16981189
16982329
16983123
16984614
16987295
16987804
16988471
16988931
16990652
16990715
16990759
16990762
16990784
16990788
16995822
16996204
16998940
17000668
17001163
17008888
17008890
17008892
17009161
17011185
17013801
17016444
17016721
17018437
17018686
17020982
17021135
17021139
17022694
17023581
17023834
17030374
17031656
17032499
17036374
17036375
17039230
17040295
17040296
17041096
17043013
17043636
17044022
17045648
17046168
17047023
17047397
17047648
17047654
17049587
17049664
17050076
17050665
17051834
17052259
17054470
17056110
17056111
17057021
17059429
17059688
17060774
17060940
17062663
17062680
17063337
17064989
17064992
17065421
17066440
17067398
17068151
17072825
17075123
17079011
17079356
17079440
1708177
17085664
17085950
1708628
17087942
17088437
17088941
17089009
17094480
17096014
17096315
17096326
17096730
17096732
17096902
17097223
17098662
17101323
17102102
17103382
17105449
17106442
17107350
17107393
17107915
17108102
17109389
17110350
17110452
17111143
17118779
17119056
17119119
17119447
17121137
17121883
17122504
17122634
17124412
17128418
17129383
17130827
17133269
17133423
17134824
17139461
17142003
17143260
17143472
17143481
17143531
17145613
17145623
17145809
17145836
17145850
17146433
17149613
17150109
17150185
17151698
17151929
17152049
17154184
17156891
17159251
17159915
17163842
17163846
17167985
1716952
17169806
17170014
17170124
17171686
17172473
17172822
17172831
17175375
17177598
17178501
17179101
17180521
17183069
17184525
17186532
17186541
17187432
17188428
17191042
17192868
17192902
17195912
17197895
17197920
17197927
17198183
17198871
17199440
17199737
17200338
17200344
17200352
17201148
17201173
17201907
17203593
17204324
17204608
17209131
17213018
17213024
17214850
17214858
17215851
17216226
17219201
17222254
17222329
17224012
17224267
17227125
17227303
17228019
17229322
17229652
17230231
17233551
17233841
17235569
17236198
17237811
17238183
17239298
17240304
17240321
17243166
17244688
17244920
17249502
17250671
17252020
17252290
17255767
17255768
17255960
17256145
17257127
17258789
17259299
17259658
17259998
17260012
17262083
17263783
17266182
17267906
17273161
17274819
17274947
17275707
17283363
17284372
17284619
17285122
17285276
17285735
17287906
17289876
17290443
17295648
17297294
17298867
17300232
1730092
17301808
17301812
17301814
17301836
17302867
17306368
17307838
17308088
17308273
17308360
17309796
17310000
17314276
17315018
17315023
17315191
17317825
17318013
17319279
17320938
17321325
17325488
17326212
17328719
17330105
17330262
17332242
17332249
17332280
17332333
17334332
17334348
17335935
17337084
17340131
17342771
17344859
17344912
17344916
17350138
17350822
17354229
1735606
17360030
1736012
17361096
17361221
17361227
17363500
17363507
17363584
17363731
17367471
17368623
17369568
17372901
1737400
17374253
17374440
17376508
17376509
17376510
17377585
17378669
17379069
17379744
17381803
17384213
17384221
17385188
17387741
17388661
17388789
17389763
17390040
17390059
17390112
17392824
17393110
17393356
17396144
1739910
17401398
17401460
17403204
17404084
17404088
17406029
17408106
17408401
17408465
17408908
17409805
17409862
17409866
17409929
17409930
17409961
17409975
17410004
17410005
17410190
17410283
17414105
17414113
17415708
1741644
17417968
17418409
17425400
17426084
17426257
17429313
17431412
17431644
17435415
17435538
17436386
17437012
17437281
17438007
17438182
17440048
17440062
17440063
17440069
17440984
17441812
17441958
17443220
17446348
17447515
17447881
17448020
17449802
17451799
17453004
17454189
17454193
17454614
17454753
17455099
17456055
17456604
17457043
17460456
17460705
17460708
17464312
17464320
17465858
17465990
17466371
17468034
17471466
17471559
17473190
17473653
17475912
17476275
17476276
17478383
17478764
17478770
17483057
17485549
17485551
17486366
17487277
17487504
17487844
17487851
17488404
17488700
17488796
17489795
17490483
17498302
17498554
17498562
17503413
17504301
17504988
17505415
17505512
17505532
17507990
17508947
17509661
17509995
17510384
17510391
17513510
17515920
17518771
17519959
17521451
17523278
17525677
17525681
17525745
17526943
17527083
17527084
17527088
17531467
17531558
17535228
17535860
17535989
17535994
17537621
17538160
17539962
17540308
17541398
17542667
17543078
17545526
17546507
17548126
17549339
17549376
17550866
17551084
17551405
17551851
17555500
17557246
17557966
17558858
17561305
17565015
17565328
17565683
17566038
17573511
17573896
17573918
17574970
17575125
17575133
17577030
17577920
17579624
17580276
17581610
17582213
17585316
17588166
17588203
17590872
17591931
17592266
17592716
17594522
17595771
17596137
17596643
17597182
17597708
17597810
17597811
17597822
17598835
17601631
17606455
17607119
17609875
17610473
17611497
17613043
17613214
17613428
17614854
17616702
17618013
17618248
17618705
17618868
17620387
17620607
17623951
17625156
17625442
17625445
17625570
17625603
17625610
17625612
17626639
17629038
17629419
17631640
17632455
17637745
17637754
17638058
17639058
17639062
17639390
17643100
17644735
17644747
17645778
17646270
17646408
17646409
17647282
17649787
17650443
17651453
17651783
17653897
17653909
17656252
17657213
17659683
17663506
17664471
1766671
17667542
17667549
17667554
17668422
17669465
17671232
17671502
17671710
17673550
17673922
17676035
17683074
17685465
17685929
17685931
17687555
17688946
17689819
17690209
17690890
17692090
17695304
17695456
17695517
17696210
17696956
17697521
17698191
17699719
17699786
17699855
17704262
17704924
17707060
17707884
17710669
17711506
17712047
17712732
17713548
17717450
17719087
17721049
17721184
17721195
17721266
17721920
17724745
17725429
17727479
17728780
17729245
1773797
17761979
17762498
17762857
17764814
17767136
17768124
17784875
17785355
17785547
17785554
17785564
17786186
17786187
17786341
17786355
17786367
1778765
17803655
17803960
17805050
17805054
17805334
17824790
17827398
17848307
17848912
17849060
17849070
17849424
17851549
17851561
17851851
17852451
17854308
17854394
17854667
17873518
17873895
17874453
17875526
17875769
17879630
17880539
17881637
17881638
17886559
17889960
17890911
17890914
17895746
17895751
17898810
17899078
17900235
17901244
17904685
17908804
17908962
17909001
17909012
17910045
17910630
17910642
17914411
17917328
17917588
17920754
17920755
17923875
17924977
17928886
17932254
17934517
1793482
1793483
17935781
17936561
17936563
17940205
17940504
17941001
17941064
17941904
17943694
17945377
17947469
17949425
17949449
17949783
17949785
17950780
17950782
17951211
17953713
17956956
17957027
17960171
17960768
17961178
17962436
17962724
17962810
17964965
17970070
17971772
17972951
17972958
17973572
17975165
17976519
17976525
17977597
17979493
17981210
17982662
17984312
17988992
17990177
17990317
17991527
17992009
17997830
17998284
18000091
18000506
18005119
18006699
18006781
18021415
18022911
18024325
18024388
18024411
18024870
18025850
18026859
18028479
18028988
18030353
18037961
18039564
18040685
18042065
18042066
18048815
18048969
18049799
18050304
18050305
18053070
18055864
18055983
18056003
18056850
18059337
18059483
18060073
18061305
18064489
18065961
18066592
18067639
18068539
18068628
18068703
18069662
18070147
18070208
18072270
18073307
18075308
18078366
18078991
18079740
18081229
18081705
18081718
18083107
18084252
18084259
18086775
18087280
18089646
18090579
18090934
18091394
18092959
18093943
18094376
18094412
18094413
18094555
18097548
18097577
1812593
18160671
18162763
18162764
18165275
18165278
18166262
18166783
18166784
18166798
18166835
18171349
18172267
18172298
18172656
18176089
18176180
18176964
18180033
18180098
18180923
18181164
18181165
18182111
18182175
18182852
18183466
18184405
18184863
18185524
18186961
18188594
18190445
18192072
18192111
18193083
18195094
18196873
18199160
18199332
18200037
18202228
18202784
18205010
18206535
18206539
18208799
18208804
18216871
18217967
18219279
18221484
18223342
18224418
18224685
18226854
18227705
18230792
18230964
18231634
18235983
18241214
18242762
18243306
18243402
18245540
18246041
18250227
18250304
18253748
18256540
18256686
18258923
18259950
18261621
18262558
18265649
18266055
18266209
18271876
18273044
18273045
18281529
18282277
18282654
18283321
18284543
18284546
18284934
18285426
18288784
18289366
18291525
18293376
18293378
18294066
18294292
18297539
18300800
18300804
18300810
18302229
18303411
18304174
18304690
18305067
18305215
18306358
18310286
18310287
18310288
18311776
18311777
18313840
18316791
18317068
18317075
18318760
18320074
18322257
18323416
18325048
18327418
18328559
18328792
18329792
18330950
18331600
18333903
18334834
18336541
18336585
18337557
18338330
18339680
18339845
18343945
18343999
18349123
18350628
18353179
18354492
18355852
18358501
18360353
18362173
18362222
18363883
18365911
18368129
18369740
18371219
18372039
18372914
18372921
18373709
18375489
18375819
18376308
18376386
18377586
18379357
18379370
18379371
18381383
18381570
18382348
18382354
18382356
18382358
18382359
18383210
18383555
18383846
18383861
18383898
18384130
18385750
18385756
18385909
18386236
18386774
18389622
18391746
18391980
18392055
18392710
18392851
18393366
18394555
18394702
18394748
18397343
18397460
18397470
18398061
18398503
18398736
18398841
18398843
18403605
18403609
18403613
18403637
18404201
18404742
18406659
18408593
18408594
18408656
18408659
18408710
18410451
18410456
18411416
18413752
18413808
18414414
18418018
18418848
18419788
18421059
18421200
18422752
18423824
18423895
18425390
18426677
18426810
18428050
18428053
18430755
18441512
18445043
18445656
18448146
18448166
18448188
18448562
18448997
18448998
18449007
18450321
18450736
18451133
18451216
18451217
18451306
18452086
18455791
18456326
18458038
1845953
18459906
18460031
18462259
18462377
18464114
18464243
18465141
18466967
18467159
18469451
18470599
18470905
18474293
18476590
18477048
18478259
18478265
18479730
18480837
18483239
18483300
18483309
18483389
18483393
18484666
18485478
18486530
18486988
18488000
18488160
18490517
18491352
1849234
18492751
18495026
1849528
18496561
18497947
18497987
18497996
18500259
18500266
18500270
18502968
18503583
18503601
18503825
18503828
18504432
18505964
18507860
18508109
18508802
18509003
18509008
18509184
18509361
18509466
18510589
18510707
18512307
18514389
18516290
18519767
18519771
18519816
18520229
18521081
18525469
18528423
18528646
18528899
18534315
18536654
18537978
18540944
18541010
18542074
18543049
18543225
18544172
18544621
18547614
18547963
18548106
18548249
1854883
18549475
18549612
18551309
18551412
18551750
18551755
18552176
1855226
18555525
18556765
18557746
18559533
18559588
18559592
18559622
18559874
18561174
18561177
18561179
18567837
18572809
18573109
18573526
18575712
18575729
18577988
18579792
18580489
18580682
18587326
18587327
18587575
18590527
18591547
18591647
18592002
18592405
18593892
18593979
18594010
18594314
18594527
18594528
18594536
18594780
18594808
18596541
18596743
18600099
18600100
18602667
18602673
18602919
18603853
18607865
18609703
18611285
18612157
18612778
18615675
18615679
18616509
18616678
18616871
18618714
18619647
18621416
18621636
18622894
18623127
18623202
18623221
18623623
18625569
18626007
18626727
18628075
18628094
18628431
18628470
18631354
18631381
18632627
18632876
18633438
18633616
18636014
18636147
18636196
18640945
18641025
18642054
18642369
18646694
18647815
18650451
18650474
18650488
18650848
18657298
18661406
18663058
18664261
18665177
18666063
18668134
18669174
18669866
18670317
18670349
18671703
18676740
18676741
18676744
18676756
18676759
18676761
18676830
18677770
18679714
18681311
18682506
1868473
18685610
18686281
18688285
18688286
18691268
18691320
18694509
18694911
18697864
18698078
18701132
18701405
18701503
18701506
18704758
18704985
18705836
18706197
18708242
18709663
18710471
18713311
18715618
18717827
18718023
18719078
18720004
18720212
18723266
18723478
18724245
18724359
18726096
18728027
18728651
18728674
18729193
1873817
18751405
18752056
18752119
18752591
18753363
18753707
18753943
18754328
18754871
18755494
18755984
18757341
18757403
18757411
18757433
18757741
18759827
18760472
18768215
18768433
18769338
18769486
18770064
18772396
18772397
18772890
18773208
18776764
18777214
18778891
18779314
18779727
18782444
18783292
18785120
18785203
18785992
18786436
18787170
18788887
18789554
18790768
18793248
18794081
18794152
18794177
18794545
18796251
18798258
18798261
18798558
18799919
18801061
18801090
18802948
18803287
18805579
18806492
18807072
18813835
18818701
18820104
18820131
18820995
18824712
18827165
18827621
18828159
18829479
18829487
18830255
18830414
18831895
18832461
18832519
18832571
18835712
18838204
18838613
18840924
18844223
18844936
18850308
18852163
18854675
18854826
1890154
18922929
18923523
18923524
18923525
18925568
18925699
18925961
18927303
18927438
1892776
18929564
18931460
18931652
18936790
18937974
18938072
18938137
18945298
18946061
18946221
18946755
18948947
18953432
18953434
18955790
18957054
18971781
18971950
18972067
18973210
18973917
18974108
18977345
18978556
18978572
18980800
18980976
18984862
18985043
18985363
18985444
18986703
18987552
18988640
18988882
18989797
18990089
18990760
18992635
18992959
18992960
19001320
19002495
19003996
19004005
19005480
19010816
19010870
19010912
19011468
19012001
19014278
19015641
19016743
19016916
19017053
19018266
19018267
19018861
19020546
19020547
19020896
19020900
19020901
19021706
1902452
19024596
19026650
19027487
19029146
19029822
19029838
1903197
19033861
19033864
19034577
19034614
19035305
19035443
19036083
19036597
19037234
19037978
19040996
19041192
19042917
19042918
19043591
19046316
19047099
19047117
19047681
19047896
19047911
19047918
19048115
19050706
19052692
19052976
19052980
19052993
19055661
19055664
19055826
19056857
19057270
19057271
19059670
19060244
19061838
19063875
19065101
19066305
19066332
19072991
19074595
19074898
19074904
19075190
19076977
19078957
19082310
19082503
19084944
19085113
19085831
19088048
19088172
19092631
19093167
19095577
19096300
19096301
19096302
19096323
19096324
19096980
19099657
19100513
19100523
19101490
19101897
19101982
1910478
19105233
19107232
19109227
19109228
19110720
19116630
19117057
19117336
19118061
19118374
19119132
19119459
19120350
19121840
19122450
19126036
19126563
19127559
19129520
19129688
19131793
19132987
19135051
19135713
1913619
1913654
1913680
19136943
19137020
19137110
19139084
19139124
19142971
19144441
19144660
19145675
19147513
19147536
19147579
19147753
19147777
19147861
19148475
19150107
19151660
19151790
19152169
19152441
19154263
19154659
19155283
19156415
19156774
19158195
19158829
19158841
19159571
19160077
19167611
19169048
19170230
19171880
19171881
19172291
19174819
19175284
19175983
19175989
19176010
19176031
19176360
19178533
19178815
19179424
19179899
19179908
19180120
19181784
19181793
19181917
19182535
19183832
19185949
19187542
19189127
19189213
19190079
19190105
19190129
19190168
19190343
19191266
19191749
19193436
19194051
19194200
19194280
19194464
19194467
19196872
19197950
19200579
19200582
19204207
19207009
19207305
19208099
19208736
19208745
19212337
1921261
19212633
19212681
19212684
1921453
19215672
19215798
19222307
19223280
19223544
19225113
19225718
19228619
19228722
19228938
19229701
19229983
19234609
19235016
1923503
1923531
1923532
19235531
19236446
19236505
19236761
19238030
19239328
19239437
19241144
19241901
19243895
19245433
19246520
19252176
19253367
19255327
19258443
19258483
19258598
19260099
19260121
19262599
19262601
19263077
19264228
19265297
19269006
19269016
19270646
19272638
19272767
19273933
19274616
19276157
19276248
19276253
19276259
19276269
19277418
19279329
19279572
19282104
19283847
19284481
19287384
19287385
19287463
19287961
19289583
19289622
19289631
19293179
19293426
19293793
19293803
19293811
19294427
19294538
19295549
19298285
19302842
19303097
19304323
19307944
19308656
19309232
19318445
19318479
19318576
19319568
19319643
19322206
19326424
19327639
19330028
19330029
19330068
19330652
19333077
19333543
19336736
1933879
19340001
19340305
19340432
19342899
19344365
19344408
19344419
19349352
19350131
19350208
19350382
19351368
19351834
19353338
19353773
19355825
19356788
19357847
19358278
19358724
19360305
19360319
19360742
19362041
19362042
19362466
19362747
19363522
19365794
19366796
19366826
19367287
19369623
19369630
19369884
19369962
19370421
19370505
19371962
19372255
19372714
19373669
19373855
19375163
19375815
19376842
19377078
19377443
19377444
19378335
19378339
19380023
19380639
19381876
19383316
19383335
19383809
19383812
19383911
19383925
19384065
19384069
19384074
19386350
19386957
19387008
19388938
19389506
19389530
19393416
19394761
19395028
19396154
1939786
19401683
19401695
19401700
19404216
19404844
19404918
19407556
19411681
19411854
19412163
19412164
19412570
19414191
19414383
19414674
19415278
19415957
19417583
19418217
19420344
19420964
19421226
19422606
19424571
19424639
1942608
19427035
19429701
19430293
19430299
19430562
19433805
19435942
19437174
19438452
19438459
19440145
19440799
19441164
19443396
19445024
19445628
19446748
19447869
19448595
19450806
19450969
19451432
19452320
19453520
1945416
19458050
19458356
19458628
19461405
19461510
19461960
19462461
1946433
19465903
19466505
19466975
19470474
19470730
19471547
19472407
19473641
19473701
19473722
19474002
19474426
19475529
19475551
19476525
19478384
19478480
19479711
19480937
19483684
19484332
19484334
19486858
19487299
19487967
19488862
19491085
19491417
19491896
19492584
19493000
19493635
19494353
19494712
19494719
19496203
19498322
19503632
19509103
19509136
19509176
19515263
19516027
19517135
19521067
19521796
19521953
19525338
19525592
19527492
19528370
19528502
19530244
19530245
19530255
19531676
19534341
19534622
19534623
19536147
19536777
19536888
19539395
19539846
19539850
19540590
19541349
19541820
19542872
19543508
19543740
19543899
19543912
19545284
19547661
19549360
19549384
19549918
19549988
19550078
19551532
19551857
1955373
19554337
19557552
19557636
19559071
19561230
19561236
19561568
19562456
19562618
19562620
19562748
19563413
19563658
19564637
19564705
19564752
19567878
19569249
19571295
19571318
19571623
19571821
19572105
19572146
19574281
19574674
19574781
19578770
19581844
19582367
19582452
19583695
19584155
19584161
19584163
19584164
19585585
19587375
19587702
19589593
19589612
19593621
19593635
19593743
19595684
19596957
19597886
19603018
19603346
19604233
19604236
19606011
19606013
19608668
19608683
19608751
19609284
19609951
19614729
19614767
19616600
19617878
19620948
19621447
19625083
19625707
19626050
19626541
19626635
19628078
19628422
19629465
19629485
19629639
19631984
19633202
19633643
19634059
19635106
19635202
19635999
19636000
19636397
19637313
19637316
19637320
19637342
19638206
19639197
19639388
19640859
19641175
19641190
19643476
19643949
19644024
19644652
19644722
1964583
19647299
19648161
19649210
19650672
19652431
19652585
19654501
19654573
19657110
19657484
19658182
19661358
19663837
19664128
19665070
19666869
19667264
19667402
19668078
19669220
19669908
19671738
19671763
19671852
1967219
19672856
19672946
19675452
19679059
19679400
19681119
19681124
19683621
19685490
19686742
19690016
19690956
19690981
19691103
19691769
19692680
19692701
19692773
19692934
19693645
19694823
19694828
19694830
19698046
19698218
19700852
19704257
19704259
19705431
19706758
19706770
19707158
19707201
19708533
19710001
19710701
19713696
19714594
19718013
19718025
19718445
19720904
19722178
19723643
19723646
19723655
19723893
19724844
19724887
19724908
19726454
19726761
19726763
19726788
19727728
19727729
19728022
19729359
19731079
1973170
19734198
19734449
19734476
19734849
19734947
19735264
19735488
19737150
19737655
19737945
19737952
19738042
19738388
19738460
19739123
19740513
19744101
19744127
19744708
19745699
19748671
19749740
19752345
19752400
19752775
19755387
19755509
19755524
19755773
19755989
19756373
19759551
19760609
19762333
19762526
19763817
19763916
19764985
19765000
19765726
19768693
19772171
19772601
19773259
19773543
19775300
19776290
19776406
19776760
19777258
19781443
19786660
19787214
19787250
19788444
19789313
19789314
19789347
1979160
19794083
19794270
19794967
19795448
19796813
19797612
19797729
19798502
19799086
19799128
19799798
19801694
19802003
19802009
19805672
19806185
19809274
19809427
19811824
19812598
19812602
19812674
19815050
19816006
19819015
19820381
19824900
19826111
19827123
19829307
19830214
19832985
19837269
19837271
19837916
19838194
1983826
19839777
19840437
19841262
19843069
19843380
19843858
19844187
19844234
19844788
19845664
19846812
19846951
19847200
19847202
19847810
19849697
19850689
19850750
19853286
19854508
19855373
19855393
19859843
19861408
19861435
1986144
19861897
19861964
19862822
19863445
19865100
19865112
19874312
19879255
19881244
19881977
19882321
19883434
19884549
19884551
19884556
19884861
19887470
19887491
19887779
19887873
19890024
19892728
19893009
19893451
19894031
19896093
19898424
19898427
19898969
19900094
19900103
19901110
19903679
19903778
19903786
19907439
19907440
19908121
19908233
19911194
1991170
19912361
19913280
19913282
19913317
19915015
19915020
19915484
19916245
19919630
19919912
19922437
19923868
1992444
19925053
19926583
19933033
19934290
19936840
19938198
19941365
19943049
19943786
19943934
19946506
19949877
19950698
19953635
19953636
19955118
19955396
19955487
19955848
19955937
19956062
19956388
19956657
19956829
19958951
19959686
19959798
19962665
1996309
19963109
19963121
19963122
19965641
19965650
19965680
19966355
19967722
19968062
1998949
1998954
19995225
19996202
19996208
19996224
19996579
19999391
19999392
20001230
20001246
20001342
20001354
20003259
20003390
20004940
20004952
20007775
20007781
20007803
20007840
20007841
20008299
20008300
20008304
20008635
20008640
20009465
20009493
20009914
20010083
20010473
20012784
20013324
20014947
20015880
20015894
20016485
20016488
20018398
20018760
20020146
20022634
20023256
20023269
20023270
20025496
20025539
20026798
20027224
20028768
20028860
20028932
20029191
20032375
20034980
20034986
20035238
20035340
20035424
20036793
20036807
20038218
20038234
20040759
20041876
20042850
20042852
2004329
20045164
20047097
20049644
20049837
20049979
20051945
20053758
20054297
20055659
20056794
20061010
20061559
20061937
20062086
20062088
20066533
20067559
20068162
20068183
20068184
20068475
20077503
20079191
20081860
20082862
20088873
20089614
20090503
20090505
20091866
20093295
20093389
20096441
20097881
20098451
20098682
20098707
20099280
20099311
20100964
20101210
20102524
20102718
20102720
20106510
20106868
20107228
20107421
20107891
20108342
20109338
20110797
20111067
20112369
20113333
20113830
2011403
20117855
20118768
20118908
20118910
20118913
20122944
20126411
20127344
2012756
20130071
20130073
20130810
20131059
20132422
20133221
20133893
20133985
20137853
20140864
20142433
20146086
20147967
20148885
20150643
20150826
20151976
20153505
20155428
20156304
20156809
20159991
20160369
20162668
20164465
20164661
20164853
20169310
20171178
20173664
20174854
20176655
20177422
20177704
20179232
20180082
20180245
20182460
20186005
20186026
20186503
20187782
20187926
20189318
20193846
20196079
20197396
20197478
20197733
20197769
20198651
20200438
20203003
20203229
20207772
20208477
20210255
20212254
20213843
20214695
2021541
20215545
2021946
20220775
20228800
20229272
20232483
20233623
20233627
20233889
20234366
20236686
20237506
2024123
20300772
20300775
20300843
20303012
20303538
20305537
20306156
20307913
20308669
20309946
20331454
20331577
20331734
20331763
20331976
20332316
20332486
20334914
20336783
20339092
20339585
20346714
20346742
20347502
20347819
20352379
20354188
20354820
20357619
20357823
20357826
20358387
20358427
20360144
20361188
20361930
20362232
20362361
20367267
20367313
20367437
20368469
20368538
20368543
20368568
20369307
20371674
20371679
20372153
20372787
20372971
20376084
20376086
20378689
20381446
20385028
20385747
20387067
20387251
20393147
20393555
20393746
20395213
20395423
20395530
20398348
20398393
20400977
20401611
20401612
20403035
20404005
20404136
2040536
20406486
20406730
2040694
20407443
20407446
20407778
20408841
20409020
20410389
20410810
20410924
20410925
20413299
20416107
20416519
20417091
20417861
20417871
20417872
20418238
20421268
20421455
20421815
20422415
20423982
20424519
20425130
20425802
20427420
20427748
20428197
20429643
20430469
20431031
20431032
20432758
20435347
20435628
20438801
20439191
20439456
20442300
20442365
20442368
20442644
20443891
20444249
20445328
20445578
20447687
20447711
20448329
20456351
20459545
20459770
20459863
20460314
20460471
20470368
20470941
20471335
20471511
20471663
20472658
20472853
20473593
20473880
20473912
20473935
20479250
20479281
20479398
20480190
20482381
20483636
20485143
20485284
20485371
20489055
20489150
20492682
20493625
20494930
20495444
20495538
20496269
2049776
20498546
20498858
20499211
20500513
20501503
20501506
20501689
20501798
20501857
20502057
20502185
20503341
20505189
20507346
20508609
20508616
20512074
20512393
20512480
20513120
20513536
20514489
20515557
20518413
20518900
20519626
20520630
20520634
20520643
20521350
20522446
20525753
2052583
20526288
20526349
20527023
20529262
20530683
20533286
20534697
20537211
20538800
20542658
20542753
20544211
20544847
20544848
20545949
20546020
20548095
20548248
20548289
20550535
20551053
20551065
20551067
20551270
20552546
20553613
20553795
20557351
20558976
20559149
20560678
20560681
20562921
20563851
20564079
20564403
20565499
20565817
20567020
20568982
20569675
2056968
20570890
20571495
20571907
20572598
20575464
20579378
20581806
20583607
20587792
20591910
20591913
20592359
20594292
20594581
20594584
20595147
20596629
20598147
20601445
20601953
20601954
20603105
20604919
20605766
20606085
20606738
20607679
20607744
20607853
20615083
20615575
20616361
20616362
20616363
20616366
20617339
20619672
20619739
20622007
20624308
20624322
20625861
20627194
20629095
20629554
20630094
20630698
20630828
20631239
20631743
20632833
20633767
20633768
20634376
20635059
20635392
20637128
20640859
20640893
2064275
20644105
20645028
20646738
2064724
2064725
20647301
20651067
20651083
20651341
20651400
20651610
20652568
20653783
20655395
20655465
20656333
20658615
20659155
20659620
20659694
20660330
20661086
20664172
20664185
20664940
20667415
20668451
20669229
20670134
20670476
20673586
20674974
20678092
20678218
20679611
20679664
20679909
20681447
20681956
20682398
20682701
20682711
20682713
20682976
20683448
20685234
20686305
20686403
20686428
20688896
20689758
20692828
20693296
20693430
20693432
20693978
20693979
20693983
20693985
20694274
20694842
20696052
20696054
20697856
20697894
20701800
20701971
20702649
20703244
20703476
20703866
20705455
20708307
20712532
20712646
20714830
20716222
20717765
20718682
20718716
20719821
20719933
20720566
20722707
2072410
20724984
20724988
20725730
20728437
20729467
20730472
20730857
20730882
20732413
20732714
20733134
20736745
20737480
20739766
20799000
20800881
20802181
20803030
20803351
20804925
20805136
20805365
20805368
20806365
20806820
20808254
20811949
20813007
20813423
20813562
20813970
20818844
20820872
20823136
20823234
20823418
20823768
20824047
20824703
20824716
20824720
20824721
20826764
20828816
20828860
20831745
20837450
20837451
20838788
20840671
20840674
20840677
20843112
20843246
20845292
20847279
20848638
20848649
20852385
20854070
20854080
20855646
20855820
20855837
20855974
20858094
20858097
20859081
20859711
20860430
20860655
20861459
20861712
20861791
20861910
20861915
20863376
20863566
20865267
20871029
20871217
20871266
20871271
20872044
20872983
20873989
20874727
20875128
20875872
20877721
20878952
20878954
20881644
20884804
20888703
20890078
20890271
20890793
20921458
20923573
20924129
20924276
20924280
20924583
20924687
20924716
20925915
20926401
20926413
20927778
20929327
20930055
20937558
20938171
20938465
20940188
20942669
20942962
20944096
20944672
20945104
20946881
20947270
20949558
20949619
20950194
20951698
20952286
20952290
20952593
20953721
20955384
20955399
20955413
20956643
20956938
20956940
20959480
20959826
20962618
20962673
20962861
20962862
20963515
20963643
20966504
20966521
20966544
20970189
20970876
20971662
20972464
20972872
20975057
20975100
20975376
20976730
20978149
20978319
20979472
20979473
20979630
20979647
20980808
20981678
20981887
21029218
21030459
21030925
21030981
21034166
21034957
21036415
21036744
21036922
21040948
21040950
21041716
21042320
21045234
21046410
21047771
21048955
21049459
21051030
21051183
21051595
21051974
21052000
21052001
21052089
21056896
21057220
21057493
21057810
21057957
21059859
21060032
21061093
21061303
21061328
21062932
21062933
21063743
21064103
21067269
21067377
21067840
21069551
21070368
21070477
21072204
21073496
21073841
21074686
21076461
21076462
21078999
21079152
21079611
21080178
21080748
21080877
21083380
21084177
21084400
21087480
21087793
21088256
21088844
2108944
21097718
21099348
21099717
2110130
21102258
21102267
21102268
21102269
21102416
21102684
21103049
21104178
21104831
21106365
21107199
21107288
21107323
21107850
21108325
21108436
21110880
21111508
21113138
21113140
21113141
21113787
21115923
21115932
21116115
21116761
21117180
21120161
21120162
21120166
21120312
21122130
21127187
21127188
21127395
21127945
21128077
21128242
21128248
21128251
21129809
21130491
21130517
21131838
21131919
21132006
21133602
21133718
21134544
21134562
21134978
21134980
21135146
21135859
21136920
21138945
21140460
21144613
21144642
21146872
21149634
21150899
21151099
21151896
21154691
21154956
21155011
21156248
21156281
2115641
21156844
21159146
21160808
21161938
21163115
21163770
21163964
21164297
2116665
21167064
21167530
21167555
21168197
21168239
21168933
21169255
21173100
21173122
21173125
21175381
21175497
21175598
21175807
21176117
21176335
21176849
21176961
21177330
21178714
21178715
21178719
21179087
21179278
21180092
21181413
21182953
21184537
21187522
21188113
21189373
21189386
21190184
21191613
21191700
21193546
21196298
21196339
21198321
21205752
21206494
21206909
21209378
21209843
21212285
21213124
21215239
21216781
21220471
21221851
21224364
21224376
21224473
21224857
21225475
21225506
21225871
21225915
21226763
21227391
21227396
21227397
21228032
21228335
21228360
21228365
21233401
21233402
21233829
21233841
21234763
21237236
21237491
21237497
21239056
21239505
21239517
21240686
21240992
21240995
21242405
21242665
21242956
21243496
21244575
21245599
21248752
21250968
21251613
21252315
21252721
21252859
21253578
21253829
21254299
21258089
21258250
21258414
21258971
21262211
21262917
21263251
21264207
21264552
21264819
21264914
21266046
21266526
21266528
21267687
21270602
21273060
21273266
21273581
21273607
21274003
21274259
21274533
21274753
21275949
21275969
21278223
21281817
21282377
21283084
21283802
21284055
21285869
21285871
21285991
21286759
21287350
21287369
21288114
21289252
21289333
21290211
21292787
21293260
21294243
21294452
21295327
21295875
21297586
21299849
21302811
21303542
21305640
21307665
21307934
21308409
21311943
21315413
21315472
21315481
21316079
21316759
21317742
21317745
21318227
21323741
21324374
21325067
21325169
21325292
21325462
21325596
21326037
21326296
21329183
21332708
21334201
21336262
21338238
21339757
21340604
21340720
21343549
21345071
21345760
21346257
21346910
21347194
21347319
21347793
21350094
21350822
21351276
21354053
21354055
21356189
21356389
21357704
21357941
21358093
21358303
21358618
21358619
21360064
21362052
21362302
21364579
21368495
21369707
21372829
21375404
21376187
21376394
21378543
21378549
21380628
21381030
21383288
21385081
21387306
21387320
21387358
21388064
21389096
21389317
21389835
21390126
21390130
21390154
21393327
21393891
21394649
21394667
21399634
21403518
21403618
21404106
21406308
21406721
21409490
21409519
21411993
21412070
21412130
21412762
21412928
21412930
21412932
21414654
21415852
21420166
21421540
21422198
21422421
21422426
21422434
21423153
21423154
21423156
21424126
21424530
21424532
21425140
2142531
21427092
2142747
21429396
21430068
21430269
21431280
21435173
21435189
21435433
21436633
21436637
21437454
21439039
21440951
21441703
21442193
21442194
21442635
21442636
21445971
21447089
21447618
21449767
21455633
21457159
21457545
21458303
21461300
21461997
21462307
21464731
21468130
21468523
21469767
21470976
21473780
21474181
21474505
21474922
21474966
21478103
21478220
21478276
21478295
21478825
21481010
21482694
21482913
21483012
21487925
21489624
21490305
21493686
21494262
21494758
21496703
21497288
21497370
21497883
21498106
21498700
21498705
21498706
21498916
21499015
21499238
21499247
21499728
21502435
21502544
21503581
21504050
21504297
21505581
21508367
21508389
21508404
21510309
21512767
21516079
21516483
21518014
21518476
21518819
21519026
21520003
21520036
21521301
21521776
21523721
21523734
21524465
21527506
21527530
21527588
21531001
21531698
21531761
21531819
21531982
21532493
21532494
21532509
21532627
21533174
21533448
2153451
21536243
21536390
21536738
21537333
21537334
21537871
21538063
21539821
21541676
2154325
21543427
21543894
21544334
21547354
21547907
21547910
21551237
21552114
21552959
21555228
21555681
21555683
21556011
21556517
21556624
21556797
21557216
21558395
21558399
21559688
21562037
21563233
21566527
21567926
21569067
21569090
21569611
21569641
21569770
21570117
21570823
21572125
21572398
21573178
21573507
21573561
21573592
21575212
21575252
21575258
21575616
21575861
21576590
21576631
21577323
21584669
21591457
21592614
21594703
21594892
21596819
21596848
21596855
21597878
21598249
21598255
21602665
21602666
21602815
21602918
21603900
21605905
21606167
21606412
21606963
21607617
21609347
21610142
21610151
21610522
21613800
21615826
21615873
21615881
21616658
21617709
21618342
21618350
21618411
21621842
21622214
21622546
21623281
21623383
21624768
21625234
21625441
21625996
21626008
21626329
21628411
21630273
21631644
21632860
21632861
21635547
2163761
21637783
21638088
21638516
21639808
21639936
21640373
21642865
21642962
21642991
21643842
21643982
21643985
21645454
21646616
21647152
21647154
21653937
21658659
21658742
21659357
21659424
21660972
21663470
21663510
21663639
21665178
21665242
21667306
21668476
21669196
21671435
21671463
2167148
21674360
21674576
21674859
21676217
21678082
21680547
21680795
21681119
21681191
21681432
21681971
21683373
21683397
21684623
21684624
21684626
21685466
21685470
2168563
21686179
21689158
21689627
21690245
21690554
21691276
21693616
21694724
21695979
21696415
21696826
21698292
21698421
21699520
21701158
21701884
21704278
21704371
21707687
21707716
21707751
21707848
21709714
21710625
21712540
21712828
21714648
21715005
21716144
21716161
21717102
21717448
21717456
21718596
21719143
21719641
21720365
21720997
21723201
21724579
21725289
21725359
21725412
21725518
21729654
21729655
21730105
21730982
21732217
21733000
21733995
21734071
21735444
21736506
21740479
21741959
21742054
21743435
21744003
21744327
21745004
21747880
21750318
21750866
21751431
21760590
21760593
21760996
21761100
2176283
21762985
21764129
21768327
21768463
21769434
21769465
21771097
21772113
21774103
21774961
21775180
21778212
21779788
21782507
21784052
21784628
21784903
21786333
21788131
21788562
21789382
2179035
21790700
21790864
21791474
21791641
21791913
21793228
2179417
21796119
21796448
21798133
2179819
21798259
21798848
21798893
21798897
21798997
21803329
21804550
21806348
21807601
21810686
21811258
21812014
21813177
21813447
2181382
21816375
21816872
21817013
21818111
21818844
21819957
21821710
21822264
21822268
21822960
21824802
21825258
21825899
21826666
21826673
21827707
21828135
21828143
21829728
21830212
2183158
21835143
21835435
21835826
21836466
21836492
21836495
21836609
21837511
21837670
2183872
21838856
2183888
21839537
21841502
21844580
21847041
21847065
21849527
21850386
21851273
21853109
21856302
21858063
21859430
21860418
21862261
21862683
21866466
21867611
21867742
21868263
21868628
21874000
21874003
21874255
21874433
21879273
21880213
21880636
21880637
21881048
21881358
21882177
21882256
21884216
21884745
21886174
2188722
21892159
21892161
21892209
21893442
21895409
21897267
21898821
21899495
21899886
21900200
21900595
21901162
21901340
21901793
21902100
21904384
21904853
21906875
21909080
21909114
21910720
21912393
21913188
21917678
21921040
21921847
21923651
21926912
21929658
21931273
21932420
21933280
21933860
21937591
21937911
21940108
21940831
21944773
21945875
21945923
21945955
21946352
21948220
2194896
21949883
21951666
21953075
21953887
21955922
21955926
21955927
21960589
2196110
21961412
2196280
21964605
21967546
21967978
21969494
21969819
21971159
21971842
21972089
2197591
21981547
21982684
21982959
21983636
21984968
21984974
21984976
21986139
21986839
21986840
21987445
21987448
21988239
2199031
21990958
21991928
21993668
21993670
21993673
21993686
21994214
2199477
21995386
21995391
2199641
21997360
21997692
21997850
21998214
2199829
22000696
22001338
22001634
2200539
22005472
22005476
22006129
22006338
22006538
22007921
22009637
22009799
22009941
22011365
22011445
22011666
22011734
22011788
22014059
22015770
22015945
22016347
22017246
22017486
22019513
22020042
22020193
22020400
22020631
22021454
22025110
22025163
22025283
22026810
22026926
22026957
22027477
2202801
22028477
22031318
22031865
22033490
22033631
22034109
22034177
22034633
2203688
22038701
22038905
22038996
22039037
22039264
22040963
22041356
22041919
22042963
22045229
22045881
22046342
22048237
22052230
22052239
22052461
22052552
2205309
2205377
22053959
22057234
22057236
22058207
22058216
2206283
22064353
22064355
22064833
22065749
22066015
22067401
22068222
22070922
22071132
22071137
22071596
22071650
22071781
22072402
22072526
22072542
22076165
22076173
22077061
22077063
22077630
22077640
22080063
22080568
22081104
22081130
22081132
2208148
22081489
22081516
22081665
22082607
22082647
22084373
22084697
22085494
22086416
22086512
22086610
22087096
22088920
22089114
22089350
22091430
22092579
22094354
22095489
22096241
22096250
22099191
22099964
22099989
22100693
22101766
22102435
22102479
22102703
22103903
22103913
22104247
22105775
22105811
22105938
22106054
22108465
22108604
22109638
22109829
22110419
22111084
22112974
22113246
22113362
22114137
22114577
22115706
22116506
22116551
22116554
22117119
22120905
22122069
22124213
22124476
22129360
22129856
22131879
22132735
22132874
22133747
22135231
22136270
22136423
22137423
22138511
22138691
22138963
22139530
22140546
22140652
22142461
22142557
22142829
22145956
22147942
22152101
22154054
22156468
22156469
22156604
22157369
22157620
22157930
22157931
22158538
22158541
22158988
22160160
22160509
22161775
22163003
22164339
22166263
22167411
22169481
22170714
22171922
2217208
22172323
22173243
22175303
22175900
22177454
22177731
22178589
22178590
22181337
22182697
22182918
22183880
22183980
22184391
22185996
22188534
22190222
22190243
22190283
22190593
22191026
22191405
22192147
22192807
22194472
22194861
22197614
22197676
22197931
22199277
22199315
22199339
22200085
22203052
22203473
22204711
22207688
22207691
22208491
22209037
22209839
22210186
22211293
22213031
22213219
22214849
22215748
22215752
22216861
22220151
22220250
22223266
22223660
22225786
22228154
22228640
22228822
22229528
22230299
22231405
22233760
22234698
22235851
22236444
22237022
22237025
22237106
22237151
22238327
22238785
22241789
22246856
22248193
22249247
22249618
22249628
22250051
22250191
22251315
22251709
22251937
22252115
22252965
22258409
22259056
22261339
22261446
22261808
22261812
22262778
22263102
22266912
22270724
22270848
22271473
22271902
22272554
22277784
22278153
22281088
22281465
22281806
22282465
22282467
22285507
22287596
22289988
22290393
22291079
22291086
22291938
22292935
22294382
22294728
22295085
22296236
22296244
22302350
22302407
22303805
22305464
22305465
22307269
22313357
22313637
22313642
22315118
22315494
22317764
22321542
22321543
22321545
22323480
22323599
22323876
22324351
22324744
22325357
22326863
22327622
22327623
22327624
22328842
22328975
22329199
22329297
22330809
22331798
22333382
22333554
22333630
22333641
22335887
22336159
22338650
22339826
22339915
22343920
22344043
22346343
22347464
22351689
22354205
22355676
22356324
22357840
22359203
22360629
22361929
22363436
22363598
22367537
22368272
22372443
22374696
22374786
22378848
22382018
22382892
22383975
22385606
22385787
22386733
22388726
22389068
22389253
22390313
22392125
22392911
22395470
22395475
22397365
22398042
22406360
22406363
22407852
22409817
22412050
22417203
22417847
22420423
22420950
22421194
22421249
22422578
22425895
22425930
22426639
22426987
22428002
22429295
22429330
22431577
22433386
22433475
22437754
22437966
22438252
22441210
22441548
22441881
22447191
22449680
22449692
2245167
22452623
22454081
22454399
22457234
22457323
22458737
22458769
22460425
22461140
22461374
22461635
22470196
22473592
22473698
22475322
2247846
22481575
22483783
22487432
22487539
22489043
22489663
22490330
22491738
22493262
22493355
22493386
22494415
22494971
22494995
22495314
22496206
22498935
22499344
22504767
22505007
22507644
22508822
22515704
22520341
22523180
22523351
22526156
22526905
22528563
22528790
22529031
22534670
22536362
22536370
22537608
22538770
22540299
22547311
22547598
22548077
22549727
22553375
22556379
22560922
22561517
22561520
22563563
22568401
22568493
22569040
22569898
22570167
22570254
22571758
22572014
22573489
22576020
22578778
22579408
22579930
22581002
22583365
2258361
22585168
22586484
22587422
22588158
22588899
22591444
22591685
22593440
22593505
22594376
22605559
22607702
22609107
22609129
22610119
22610646
22615840
22619049
22621641
22622260
22622578
22623730
22627626
22634756
22635024
2263646
22638623
22640269
22640364
22642103
22642896
22648435
22648906
22649146
22653188
22653341
22658276
22658382
22661537
22662154
22668015
22669205
22669776
22670114
2267133
22672440
22673630
22674453
22674612
22675430
22675538
22676581
22677909
22683710
22686875
22688054
22688581
22694907
22695392
22705003
22705117
22705984
22706203
22706607
22706669
22707299
22710815
22710963
22712764
22713161
22722201
22722750
22722787
22722798
22722829
22722839
22723336
22723903
22725657
22725844
22726919
22729835
22733594
22736493
22740705
22740920
22740923
22740969
22741528
22743288
22744289
22744290
22744846
22749038
22749068
22750258
22751098
22752663
22753836
22753870
22753908
22758774
22760226
22761469
22768234
22772731
22772980
22773041
22773603
22781348
22781800
22782554
22783435
22786876
2278970
22797155
22797305
22797671
22800892
22803838
22805266
22806307
22807394
22808296
22809298
22810696
22812671
22814295
22814862
22815900
22820256
22820643
22821382
22821383
22825469
22825745
22825915
22829011
22829774
22832583
22833420
22833462
22835516
22836289
22836650
22837180
2283998
22840369
22842370
22843550
22843912
22844452
22848293
22855599
22858793
22864938
22865003
22865907
22869071
22869148
22870241
22872444
22873290
22885469
22886134
2288878
22891197
22895145
22899358
22901298
22902051
22904127
22905207
22911296
22912354
22912701
22919025
22919349
22924096
22926521
22926905
22928481
22929973
22931052
22932795
2300823
2337900
2403598
2404571
2405551
2406720
2407301
2507485
2511175
2521957
2538792
2542205
2564452
2576237
2576939
2594029
2601691
2642713
2642738
2645946
2645949
2647292
2648253
2648401
2649235
2657575
2659539
2659902
2660900
2666051
2668844
2668964
2674680
2676145
2679847
2680062
2681517
2682461
2682463
2683276
2684256
2684296
2685751
2689731
2691957
2841597
2987950
2989702
3009377
3021699
3038106
3144694
3293774
3295562
3388033
3587348
3887133
3945555
6087347
6098458
6304875
6587382
7474403
7478535
7478544
7478563
7478613
7478621
7479840
7485115
7485386
7493139
7495283
7495284
7497438
7497445
7500652
7501543
7503811
7512175
7515658
7522496
7524604
7527617
7529050
7530783
7533529
7535083
7536457
7536460
7539744
7542226
7544647
7547235
7547249
7547637
7549812
7551397
7551935
7559077
7559078
7559096
7559740
7563154
7563186
7564469
7564528
7567931
7572785
7573356
7574421
7576105
7576106
7576742
7577470
7577621
7578594
7579381
7579458
7579728
7582240
7585543
7585578
7585628
7585651
7586214
7591208
7591209
7591257
7591260
7591270
7591275
7591282
7591300
7596184
7597312
7598300
7598693
7598762
7599041
7599072
7599632
7603913
7604888
7605581
7606004
7606196
7606711
7606717
7606737
7609148
7614480
7614482
7615358
7616596
7620111
7620944
7621416
7622420
7627269
7628866
7630199
7630644
7630645
7632931
7632961
7632963
7633655
7637839
7640217
7645971
7646759
7651727
7654857
7655467
7657383
7657384
7657387
7658697
7662979
7665248
7665253
7665812
7665920
7666086
7669582
7669741
7670111
7671235
7673402
7674088
7678540
7686038
7687865
7691145
7691885
7693050
7693956
7694008
7698570
7700630
7700648
7704024
7704243
7704244
7707106
7710951
7712430
7714109
7715016
7717450
7723391
7725728
7726912
7727766
7727782
7728762
7728764
7729734
7729959
7730141
7730480
7731696
7731725
7735560
7737262
7737911
7738369
7742527
7742529
7742546
7743473
7743498
7743501
7744694
7745022
7745026
7753564
7756655
7767983
7767998
7768632
7772531
7775254
7777479
7780128
7780959
7780983
7787154
7791990
7795238
7795636
7795652
7796400
7796417
7797596
7798298
7800007
7802584
7803279
7805034
7812011
7812946
7812948
7819070
7819113
7820300
7825606
7829392
7830335
7833278
7833469
7833922
7834619
7834636
7841032
7841033
7845017
7845688
7849711
7850751
7852189
7852530
7854378
7856567
7856726
7856744
7860615
7860623
7862112
7862458
7862627
7871950
7872685
7872719
7872723
7874835
7881415
7882134
7882279
7882313
7882340
7882348
7882350
7882351
7882357
7883779
7885045
7887443
7887445
7889486
7889533
7889619
7890240
7896446
7902340
7903205
7903667
7904314
7905277
7905543
7906253
7906694
7909871
7910151
7911002
7913423
7914949
7915601
7916998
7917542
7917901
7918071
7923098
7923115
7923151
7923152
7923189
7923195
7923211
7926462
7927179
7927901
7927902
7928628
7928631
7930674
7932811
7934068
7934145
7934163
7939630
7943181
7946294
7946597
7946598
7947096
7947263
7951231
7951533
7951583
7952399
7952630
7954356
7954406
7954478
7955057
7957118
7960232
7961102
7961105
7961118
7962285
7962323
7965884
7968162
7970734
7972006
7977367
7979217
7981076
7981904
7985080
7987299
7987825
7987828
7987849
7989485
7992847
7997263
8001221
8001261
8009954
8012353
8012773
8012953
8012957
8012980
8012983
8012986
8018414
8019557
8020137
8022439
8023167
8026877
8028358
8030271
8031464
8032213
8032525
8033084
8033087
8033105
8033106
8033117
8033150
8033152
8037181
8039163
8039618
8040301
8043423
8044781
8045989
8050085
8052064
8055154
8057669
8057673
8057684
8058340
8060323
8061177
8061889
8062274
8066072
8069299
8069725
8069849
8073440
8075648
8075649
8076344
8077050
8080737
8081386
8081702
8082516
8093026
8093230
8093350
8093978
8097076
8100102
8100480
8100831
8102535
8102685
8103295
8106638
8106812
8108145
8109252
8110876
8113625
8118388
8118603
8118796
8119770
8120410
8121190
8122112
8123851
8124213
8127154
8127895
8129036
8132740
8135484
8137263
8137266
8137272
8137316
8142008
8142262
8143614
8150541
8151121
8152300
8154963
8156485
8156519
8157353
8157709
8157747
8160776
8161790
8162016
8162068
8162072
8162073
8162251
8164156
8168996
8170946
8172191
8174107
8175026
8178820
8178941
8180387
8180579
8180965
8182933
8183553
8186888
8187063
8187064
8187067
8187069
8187070
8187091
8187092
8187094
8194013
8194046
8194706
8198970
8198984
8199018
8200007
8205351
8211691
8217795
8219205
8221638
8221646
8221663
8222834
8223458
8237246
8238255
8239537
8240361
8241511
8242071
8242631
8242638
8244195
8246286
8249918
8251905
8252351
8252491
8253528
8258728
8261444
8261448
8261457
8261460
8263009
8267380
8272291
8275086
8280379
8280380
8281160
8283077
8283348
8283788
8286219
8287224
8288721
8289473
8290606
8293408
8293534
8298644
8302580
8302602
8306343
8311114
8312582
8317886
8317895
8317907
8319174
8319200
8319218
8321046
8321048
8321049
8324644
8335405
8338955
8339229
8339263
8339272
8342602
8345605
8346255
8353052
8353484
8358734
8372881
8378080
8379998
8380055
8380058
8380252
8381368
8381965
8382111
8384077
8384081
8384745
8387391
8387955
8389246
8390038
8390289
8390407
8390962
8392033
8393166
8393371
8393432
8393841
8394730
8395458
8395678
8395679
8396223
8396224
8396579
8397797
8397820
8398064
8401579
8401592
8402617
8402654
8405868
8406432
8406987
8407553
8407563
8408453
8413627
8417784
8421418
8421601
8425762
8426738
8426854
8428691
8431911
8437842
8437863
8439212
8439969
8445953
8450652
8453633
8462792
8463133
8467510
8467512
8473053
8473515
8481915
8483882
8483937
8486427
8490179
8493574
8495424
8496613
8499637
8499944
8499945
8501149
8501773
8504409
8509216
8510758
8513440
8514604
8514605
8516324
8521389
8521414
8522307
8522311
8523819
8528059
8528106
8533197
8536860
8536861
8537044
8541548
8541549
8541732
8542583
8546000
8547609
8548037
8548129
8548755
8548759
8548773
8551805
8552400
8553070
8554149
8555065
8555068
8555071
8556059
8557030
8557252
8558920
8559307
8561864
8561866
8562340
8562933
8562942
8563883
8565124
8567396
8568594
8569192
8570200
8570213
8579126
8589032
8589682
8589724
8590778
8595420
8600078
8601572
8603008
8603340
8604806
8605035
8605121
8605352
8608574
8609061
8609062
8611425
8613012
8613431
8616035
8616079
8616107
8616804
8616876
8617082
8617483
8617485
8618439
8621224
8621246
8621247
8621248
8621253
8622160
8622495
8622873
8623922
8625164
8625264
8625287
8625484
8630376
8630377
8630516
8630877
8630943
8630958
8630967
8630996
8631583
8631591
8633516
8634690
8634783
8635153
8635161
8635999
8636365
8636377
8637233
8637704
8639789
8640235
8640236
8640237
8640736
8640773
8641406
8641983
8642260
8644845
8644855
8645583
8648380
8649856
8651354
8652274
8652390
8653689
8653691
8655144
8655145
8655704
8655958
8656681
8658145
8664051
8665486
8665501
8665503
8665505
8666369
8672994
8672998
8674005
8677081
8679444
8682586
8682594
8683377
8683987
8685214
8686748
8688317
8690195
8690228
8690291
8690521
8697967
8697986
8697989
8698339
8698340
8698617
8700220
8701948
8701987
8703847
8705994
8705996
8707401
8707406
8721685
8726843
8729519
8729973
8731915
8746272
8747595
8747596
8748809
8751963
8752149
8758206
8758750
8760309
8760583
8761289
8761369
876142
8763258
8764128
8766942
8768845
8772588
8774129
8774479
8778329
8780392
8781433
8781434
8781571
8782823
8782831
8792713
8793486
8794405
8797864
8797884
8797888
8797891
8804161
8805149
8808615
8809879
8812423
8816895
8821948
8821952
8822272
8824498
8824725
8825918
8826860
8826861
8826890
8826941
8829664
8831691
8834533
8835820
8840960
8840963
8840981
8843915
8855819
8855976
8855982
8857639
8857999
8866233
8866234
8871925
8872463
8872474
8873383
8878451
8883402
8887073
8888799
8889501
8889505
8889506
8889585
8895490
8895682
8895759
8895761
8898652
8907200
8909247
8910623
8912818
8912828
8916968
8923835
8931956
8932338
8934538
8934544
8936664
8938142
8940997
8943054
8945609
8946930
8950983
8952554
8955068
8956789
8957063
8957064
8957088
8959640
8961670
8964826
8965097
8968104
8968863
8976870
8978301
8980248
8980360
8982966
8985087
8986805
8986966
8988029
8988031
8988177
8989278
8993979
8995554
8996154
9000573
9000591
9001425
9001550
9006095
9009246
9010458
9012469
9012694
9013836
9014854
9018074
9018336
9018769
9020842
9020916
9024310
9028355
9028739
9029028
9030251
9031117
9033644
9033652
9036865
9036876
9036877
9037130
9038270
9041151
9041175
9041183
9041193
9041832
9042254
9042267
9043035
9045944
9047255
9047388
9048488
9049204
9051695
9052405
9056896
9057184
9058292
9058723
9059819
9060559
9060841
9062474
9065402
9065403
9067265
9070336
9071575
9071576
9072005
9072974
9075750
9083167
9083931
9087566
9090379
9096702
9097977
9097993
9098651
9099970
9104953
9107428
9108089
9111168
9112579
9113074
9115582
9115583
9115587
9116295
9120715
9120719
9120722
9121123
9121764
9122044
9124215
9125147
9126902
9127178
9130517
9130994
9133447
9133449
9135016
9135495
9137494
9138659
9139866
9139869
9139870
9140397
9140452
9143261
9143408
9143934
9149125
9150385
9150704
9155557
9155588
9155671
9155713
9156660
9159347
9159349
9160316
9160884
9162193
9164192
9166952
9167962
9168438
9171998
9171999
9177441
9177704
9179693
9180144
9185695
9187099
9187111
9189100
9191060
9191543
9192811
9194486
9196437
9197522
9197523
9204979
9205058
9207270
9207791
9208611
9208900
9209448
9209648
9210874
9212217
9212218
9218731
9222290
9222307
9224711
9230279
9231161
9231912
9233770
9234384
9234707
9236836
9241276
9242212
9242552
9247481
9247629
9247632
9250146
9250148
9252685
9258660
9259969
9260591
9260812
9262496
9263525
9264274
9264400
9264581
9269795
9269965
9270015
9274957
9277151
9284834
9284835
9285566
9288052
9288106
9288142
9288766
9288767
9288786
9291819
9293447
9294132
9294210
9299424
9305595
9305596
9306965
9307275
9307844
9309118
9309120
9311732
9322119
9324130
9324277
9326218
9326929
9327152
9327727
9327728
9328563
9329372
9330602
9331070
9331071
9331072
9331080
9331106
9332768
9333020
9334731
9334810
9345343
9349503
9349508
9351717
9354420
9354421
9354427
9354433
9354451
9354676
9354678
9355981
9356872
9360526
9360556
9360838
9360930
9361035
9361177
9366289
9367066
9369426
9369441
9369932
9374374
9374384
9376195
9377556
9378385
9378386
9378564
9378820
9379676
9389561
9393744
9393982
9395180
9398039
9398745
9399746
9402497
9407947
9413950
9414190
9414654
9414659
9416838
9419409
9419979
9421067
9421075
9422511
9426052
9431782
9432125
9434876
9438854
9439675
9439683
9443392
9443399
9445137
9445183
9447829
9449486
9450809
9450901
9450908
9452023
9453486
9458074
9458097
9459139
9459157
9460999
9462707
9462753
9463584
9464511
9466649
9467563
9467947
9470817
9472096
9473234
9475198
9476905
9482574
9484777
9484839
9484844
9485035
9489481
9490279
9490783
9495360
9496908
9498491
9499454
9500438
9500446
9500465
9510470
9510473
9512119
9514049
9514055
9515788
9515793
9515795
9515810
9516910
9516924
9517514
9523205
9523206
9524567
9525740
9528840
9529487
9530523
9531607
9531609
9533551
9536218
9537203
9537226
9537235
9537240
9537247
9537438
9537647
9543172
9543674
9546059
9546285
9546366
9546427
9549723
9549830
9550561
9552022
9554525
9559293
9559340
9560119
9560261
9563649
9563903
9566701
9568504
9568784
9570245
9573030
9579543
9579564
9579565
9581815
9581841
9582022
9582521
9585064
9586882
9587071
9587115
9587933
9589476
9591556
9591632
9592195
9593469
9596690
9598796
9598798
9598803
9598872
9600124
9600204
9605748
9605750
9607189
9607728
9610789
9614374
9615731
9617347
9617435
9619835
9620294
9621513
9622061
9622070
9622088
9624535
9625810
9626141
9626339
9628511
9635567
9635571
9635572
9635683
9635831
9639120
9639416
9644295
9645349
9646028
9646031
9646032
9646035
9648588
9649138
9649454
9650746
9652567
9655287
9655301
9657776
9658319
9658320
9661880
9662254
9663597
9664128
9665150
9665415
9665476
9667525
9669809
9670827
9671070
9671307
9671321
9671408
9671767
9671955
9673367
9674408
9676855
9677462
9680114
9681833
9683299
9683800
9683822
9685222
9685601
9688183
9690672
9692551
9696038
9696041
9697882
9697884
9698466
9698478
9699127
9699537
9699648
9699651
9703286
9703927
9704765
9706984
9708796
9709922
9709923
9709976
9713312
9713462
9713590
9714703
9716009
9720503
9721853
9724079
9726011
9731485
9731892
9735394
9736425
9737679
9738576
9738975
9738976
9739023
9739025
9740255
9740272
9744495
9747064
9751605
9751632
9759649
9761125
9761126
9761241
9763594
9764804
9765617
9765621
9766672
9767257
9768597
9772288
9772904
9777938
9777951
9777981
9778107
9778456
9779494
9781942
9781944
9783802
9785008
9785009
9787181
9788440
9788441
9788444
9789220
9790504
9790508
9792155
9793966
9794233
9796697
9796706
9796975
9797083
9797363
9797369
9797729
9799749
9804334
9807634
9808126
9808427
9808520
9808525
9809980
9811333
9811336
9815567
9815649
9815708
9815801
9815823
9815858
9815901
9815992
9816002
9816033
9816045
9816078
9816158
9816185
9816225
9816274
9818022
9823307
9823556
9823969
9824096
9824204
9824209
9824378
9827716
9827724
9827921
9827931
9828834
9829719
9833761
9834286
9836070
9844824
9846966
9846971
9848712
9850064
9851250
9851256
9852302
9852312
9852672
9853427
9854684
9855271
9856796
9856847
9858225
9858836
9858914
9861322
9863018
9864154
9865432
9865913
9869603
9875139
9881963
9886332
9886570
9887237
9888699
9888710
9889022
9889797
9892110
9892178
9892189
9893670
9894245
9895049
9895334
9916918
9916927
9920087
9921983
9923922
9924427
9927029
9927037
9927063
9931326
9934853
9935177
9935200
9949179
9949303
9950196
9988270
9989830
9990072
9990487
