12724780
15375002
12915462
15085176
9850057
10640782
12920202
15691879
14974084
12239625
9769329
11996936
15247629
11833006
14742674
15592430
15383173
15755877
15474303
14765995
14963110
12393511
15727904
15448191
15878395
15647279
15618023
14673875
15338456
15578262
7829523
1922033
15665278
16009426
12605674
11698458
12189581
12902495
14515207
10652351
15243700
10573012
11450701
16171783
15806396
15850836
15722458
15466927
15479859
12377741
9293772
12058260
9553065
10369255
1400425
8413246
8417365
8524331
15746150
2403634
7623821
15964798
15970595
15994939
15892171
11971910
15933209
12586826
12220531
11284743
11159521
11595170
8621550
2304474
10369770
16002992
16027109
16024108
16019164
16014933
15993855
16102917
8330378
2156167
2162840
8703016
10208639
7986748
9748294
8144655
3480797
10580097
1698280
9716591
1309671
1515647
9931090
8651934
1688466
16229994
7935467
9366246
15583007
7984419
8567696
8626539
16086313
7961760
11839757
15684402
2161843
1900840
16423998
8662930
16314317
11114309
10400991
16243604
11208729
15550242
14567977
11430829
10200305
11702211
11665977
11207034
10669651
10359729
10199873
11425864
9788252
11238113
11313353
11238520
8630009
10591688
10233895
9525271
10673770
10675544
10669650
11182520
9468288
8675624
10484616
11551871
8021234
9374551
9120024
11257274
11554767
11375354
9555662
8995182
11046010
1985121
15528481
12566389
16617148
1762920
2007603
2243105
1577822
1406677
1659574
2243772
2250022
2522932
2823106
2760049
2777779
2903158
2922288
3029776
1449500
3422098
3785189
1460048
7720572
15843459
7781893
7852315
7891680
16432214
8654956
12496392
3119989
1497568
2293664
9421492
16845664
3131140
8147894
10807873
10706097
8416951
3524858
2123467
16024817
9834219
12011429
11877282
8393457
17086198
10973979
10722737
10919991
8566800
12817009
2211589
8022786
10820277
12842909
10903771
11585914
12560487
10514450
1918004
9388207
9271387
11278848
9234684
15231738
15828872
15465926
11031103
9602135
15737987
15100175
10073575
8441395
8668179
8598458
16960146
8065304
9407128
9610763
17391671
8816507
12773551
8495744
2050667
10878024
17558387
10336433
12606779
10095120
1281555
11991981
2492664
2456211
8132584
9461605
10871365
8995425
7561042
10823830
10773351
9169475
9491997
8702722
11745388
3359997
347694
8483949
8663541
7678055
9990314
15624698
1906403
7507205
16418217
12396729
9781817
9858321
7553221
8034708
12566409
17540862
17542648
16179648
8387519
8413270
3561415
3582369
839150
17409199
17382889
17707233
10559267
16484587
15649946
1321139
15677472
11463853
18088253
12145335
1828294
8692702
9558097
16206198
1328867
14684846
16020486
1549130
12777383
17130157
14988427
11027208
