17688368
17688368
17688368
17898786
17898786
17889709
17889709
15500711
15500711
15500711
11120332
11120332
18297529
18297529
16140925
16140925
16140925
17657222
18176180
11395396
11395396
17488685
17277849
18503828
17286448
17286448
17286448
17286448
17286448
15942943
17934517
17934517
16572206
11167739
11167739
16393682
16393682
17063086
15585652
18172298
18172298
18172298
16020107
16708911
19109227
18050304
18050304
9844930
9844930
9844930
9844930
15356652
19166098
18242762
16397222
16397222
11107054
11107054
11422798
11422798
9242212
15335184
18523561
18752119
18752119
15846078
16717057
16717057
17188428
17188428
18300804
18300804
16341034
16341034
17402211
17402211
18467025
9315104
9315104
9315104
11064357
11064357
11064357
11064357
11280613
9622101
16133369
16133369
18383898
18383898
18383898
17116485
17116485
11877002
11877002
11877002
11877002
18330902
16965435
16627248
16193088
11342350
18722875
18774495
16049306
19147828
9822928
10217560
16468653
10953429
10953429
10953429
16383239
16383239
16086288
16086288
16086288
16086288
16169901
16169901
16151462
16151462
16151462
15897884
15897884
15897884
15897884
17284365
17284365
18754862
18754862
18754862
12619166
12619166
12619166
18185522
18185522
7656205
7656205
15184887
9328447
9328447
9885226
9885226
9885226
10339585
10339585
11369863
11369863
9766650
9766650
16651408
16651408
16651408
11241795
11241795
17656257
15951287
15951287
15951287
11103774
11103774
15087031
19150107
19215790
19235922
19235922
16213703
16213703
16213703
18957548
18957548
18957548
18957548
17652054
17652054
18988640
18988640
17613043
17613043
17285543
17285543
17097083
17097083
16607381
16607381
10063718
10063718
9223312
9223312
9164192
9164192
10534762
10534762
11452933
11452933
16209039
16209039
16209039
17614769
17539914
16331271
16331271
16331271
8018944
8018944
11776589
16112651
16112651
9531570
9531570
15748426
15748426
15748426
17988991
17988991
8867720
8867720
8867720
18558288
16228048
16228048
16228048
16630339
16630339
16630339
16630339
16630339
16630339
17459201
17459201
17459201
17459201
17459201
17459201
17459201
17459201
17459201
17459201
17459201
17459201
17712046
17712046
9372085
9372085
9372085
16251025
16251025
16251025
10552940
10552940
16849538
16849538
16849538
16849538
10518215
16403252
8543178
11960347
7910944
8895527
8895527
8350619
11224869
11368913
10446966
10446966
16247461
16247461
10398111
10398111
15330802
12173050
12173050
11823984
11823984
18206543
8605120
8605120
10602411
10602411
10602411
10602411
10602411
10602411
10602411
10602411
16220270
16220270
17296573
17581672
17581672
17581672
17581672
19194200
19194200
19194200
16209886
16209886
19194200
19194200
19194200
19194200
19194200
11753612
11753612
11753612
11753612
10556217
10556217
16984370
16984370
16984370
18445043
18445043
18445043
18445043
18445043
16884691
16884691
16414544
18385909
18385909
17032499
17032499
16651537
16651537
16984614
16984614
8545128
8640718
8643484
11911399
7790991
7502630
8570200
10908574
16680749
19067742
17671502
18084320
16631477
17638851
18328953
8585955
16875579
16875579
10233383
8142653
9031112
15377489
16682077
17377591
10687723
17215855
16960151
16207593
8904886
18788888
16433901
8378328
16303180
17525681
9121764
16129041
16129042
15239126
18083107
16504290
8391258
18642280
18931459
16254181
12865925
12865925
18206539
16849535
7951320
16406018
8616031
8412323
10554802
18094714
11262391
8713288
11172955
11556833
11215285
17284374
16077971
7784061
18575724
10720141
8631004
7753551
7723398
10643154
11243405
16450356
12116073
9234595
17361217
18783137
16086077
16187907
16926283
16585160
19136943
18166785
18091394
15729702
18648008
15168592
12755554
1325704
15045938
15167010
15236320
11976731
9710720
9648560
8490164
8417787
11979553
17361217
15291362
15182340
18622426
17361217
15680399
12115586
11280786
9638979
8633037
8683377
8558920
7856744
18083107
18083107
18083107
17568001
9209363
8575770
1423235
19334541
19100512
18952841
18469864
18416028
18264136
18258796
18206229
18156164
18037406
17989718
17980910
17560011
17412887
17367753
17252013
17203951
17197431
17058450
16892037
16803958
16741927
16620548
16393685
16390317
16294039
16247445
16203765
16025155
16015647
15968311
15902299
15650049
15634569
15226186
15156181
14751048
14686496
14559688
12760263
12472578
11684288
11463839
11283671
11265752
11110985
10906759
10861016
10776697
10748298
10611307
10432929
10208431
9753074
9619731
9579874
9180915
9054947
9029185
8857943
8804160
7630188
7541640
7889521
7522291
7812194
7514242
7514241
8049646
7507193
8338940
11876965
8639850
12082639
9834202
7675444
7647015
7602795
7739522
8313895
8643684
16652140
16075175
15723339
15556282
15253547
15045828
14645432
11550287
11070937
10891464
10188872
9720721
9401077
8683993
9150886
7487974
7553157
8353289
12480707
10675041
10673753
10648391
18511808
15262442
14556655
12381450
12381450
17493351
11930660
11587363
8960665
12557226
15223639
15223639
15223639
18307876
17852708
17570523
17274374
16630483
16412032
16105761
16078567
15982633
15696476
15471554
15280657
15256115
15150097
15071907
14681324
14674990
11707622
10626814
12499431
19384069
19380023
18714394
18382356
17149613
15634444
17361217
17361217
17568001
17568001
17568001
8049438
8172823
8172823
8172823
12774917
11793448
11774219
11572760
11167744
10667479
10629043
10618414
10583231
8640906
17351675
9443038
18665753
16330451
12613529
11307316
11061567
9432035
8700536
8732086
8647513
7590697
7475272
8552577
8531376
8461469
17493380
1419624
15484294
12768773
12411590
10359867
9835862
9531597
8826892
9275669
8492410
8426481
8449825
8418370
1766674
2009372
9504630
9398863
8618432
8574789
1396583
19343297
19199263
19182535
19145090
19141860
19097599
18766960
18759727
18722880
18696070
18672441
18603893
18578373
18566539
18555525
18543309
18533795
18429957
18426313
18418407
18347292
18289459
18283861
18262055
18253707
18250304
18190961
18155764
18094559
18074781
17914187
17875506
17705578
17688365
17683977
17645839
17566666
17504122
17496935
17493325
17493320
17490540
17470736
17452251
17382020
17382013
17349636
17292736
17245764
17218393
17197751
17168670
17146202
17106019
16961463
16950675
16928319
16924701
16923568
16904383
16891454
16888785
16843101
16800946
16800914
16780770
16772122
16755775
16689455
16682291
16638190
16598834
16502578
16490599
16475128
16434313
16409301
16403263
16403254
19388595
16383241
16334201
16305489
16284673
16258220
16224485
16207215
16204063
16203604
16144796
16029627
16024645
16023722
15996933
15987013
15978941
15899391
15820950
15791812
15789779
15739279
15650267
15579919
15475075
15381372
15355693
15277706
15271392
15262435
15255169
15248918
15228654
15042680
15039277
15027317
15014529
15000831
14966468
14734089
14725895
14689877
14678896
14677715
14657955
14635607
14635208
14625174
14575547
14505550
12196931
12194684
12173041
12114534
12067277
12028029
12023981
12002774
11919387
11919386
11905088
11904740
11876951
11852587
11841409
11831067
11783955
11766335
11766332
11754648
11734316
11708318
11697648
11684281
11672777
11640869
11607816
11601203
11574931
11535505
11504279
11409908
11378554
11369063
11358387
11341993
11284030
11255271
11237066
11154991
11130241
11126203
11114705
11114130
11091204
11072027
11036109
11028176
10998848
10965782
10947902
10931454
10905245
10822991
10794714
10751535
10731584
10674911
10674025
10648600
10648381
10640143
10637493
10632353
10629589
10627442
10624128
10616282
10602422
10549264
10526530
10500825
10459357
10431169
10214860
10068681
9923858
9858233
9809034
9665193
9593785
9494617
9331565
9269756
9207464
9376661
9168433
9067577
8896419
8822944
8697426
8807132
8659451
8649049
8685681
8767524
8632906
8932497
8607028
8562932
8734143
8747994
7662984
7564157
7600533
7596151
7769849
7665185
7718886
7723412
7599321
7885040
8629106
7845006
7703041
7996873
7866899
7938018
8062887
8025286
8035612
8035604
8207957
8061892
7947289
7937723
7524618
7701917
8414522
8231240
8165000
1467514
3312834
3027581
3107980
3460176
16254181
18708370
19157547
18417213
17701954
17696194
15254401
11836164
11801308
10615128
10576511
18438408
9087799
16001431
15034867
17568001
16435379
15994877
15483023
17361217
17671502
18172298
18438408
19136943
17804713
17329976
16921363
11106826
17568001
17361217
10921098
12691161
17052753
14645432
12239155
11920247
9156661
8751466
8818654
8585960
7577615
17361217
15631653
15606546
15269306
14559688
12859999
12745661
12040450
9490670
15098257
11793447
11675358
14678998
18083107
15188147
15188147
15026324
9373237
15286712
7987849
8058726
15894263
10760689
17361217
17361217
17361217
16284948
19016705
18253748
18005119
17890911
17478383
17337387
17310000
16980946
16956568
16731589
12661001
11435686
10565681
10072161
17361217
14633610
17509258
18068538
17361217
17918257
17361217
18181164
17361217
17361217
17568001
15355984
10597234
7883754
16638187
14506699
12483538
9050861
8294483
1308167
18976025
18976025
18181180
17361217
19065654
15070701
12111652
11486032
10216071
8164688
16914730
16800933
16769578
16007226
15507449
14559953
11843816
11472352
10500199
10471746
9494609
9108411
8757523
7643619
7769844
7522039
8183558
8152250
8104101
8103813
8327485
8483891
8093327
1348433
12886255
9122235
19136943
15713800
19170230
19032370
18594010
18593892
18414414
17625570
17361217
15333839
11681427
2143098
11964320
12823349
14559688
11167742
10914546
9864173
9664088
9233592
12080468
12042710
8913730
11675129
14718672
12939747
9044825
18281529
19011601
16888913
16647957
15101049
14691916
12594387
12450787
12210087
12165445
10895816
10867145
17361217
17574967
15036944
18557744
18181181
16965388
16157196
15193447
14978794
17361217
9147076
18408594
16766266
16517477
12237889
11992546
10766345
10574952
11709699
11263942
9160316
8552387
10849331
11981607
11679947
12169678
18459906
18295659
15974803
9706984
9071576
8707406
18648005
10976720
18927503
19273933
19189974
19144156
19074838
18971581
18838963
18623202
18622580
18404886
17762498
17163154
17047047
17016721
16990715
16865286
16764539
16740692
16639307
16424012
16217257
16083345
16052075
15930281
15919668
15818598
15748890
15342383
14871979
14563122
11304041
11259090
11140696
10980604
10975680
10951341
10897036
10888417
10782405
10565682
10563198
10197607
9798675
9704926
9005992
9000139
9025840
7493136
7544579
7636623
8542501
7882340
8084618
8076344
8516324
18485618
18381423
17250957
16394125
16357154
15618851
15492248
15282325
15273724
15183454
14973077
11890993
11852516
11776597
11431376
11118299
11117787
10638960
10030577
9882513
9808135
9488465
9463579
8164678
7503813
8307570
8246959
8223458
8238248
18680143
16112421
15212958
11673470
12049818
10359536
9037350
8634690
18561179
17964965
16930335
16730884
16536278
15968330
15389255
14648792
14633590
10999739
10843285
10838070
10208465
9949226
9797782
9354795
9071577
8604806
7862627
16429445
17075294
16867224
15884099
17361217
17361217
17361217
17361217
9858836
17361217
1522903
17361217
17361217
17557870
17361217
18383210
17361217
17361217
17361217
17568001
9425908
11731410
11429702
19212337
18987651
18843283
18028420
17938925
17377585
16781490
16720555
15307112
14757533
17361217
16513534
16343267
15175999
18603554
18309036
17361217
11063792
15796878
11896599
10828883
10347549
9785008
9676855
9244875
8921363
8523819
7485386
15640831
17361217
18382348
16948525
16931951
17361217
18850010
18596980
17468515
16651630
15826835
15201968
17361217
16263589
12907633
9242552
17361217
18406879
17361217
11579461
12414651
17361217
19136943
18438408
19136943
1386162
18551755
16821597
16567472
16375854
11890997
11066083
9598796
17671502
18172298
12112533
8563753
9129043
18226991
11719382
7682098
17361217
11950920
11298531
10828038
10825742
8691332
8732340
8729985
8602624
8622046
7950908
7630186
7734714
2252103
17213026
9739021
17361217
12079517
17361217
18036184
15257719
14690579
10945609
15852472
17671502
17361217
19016726
1747446
16120577
11775545
2114933
18438408
15326299
10557056
19158498
17365822
17235569
12850374
17361217
17361217
1562734
8140858
17568001
17568001
7506253
12461744
19363522
10469447
18438408
16271958
12063392
11433529
17532767
1949153
11717438
15086412
18438408
16075259
15269296
17361217
17568001
17568001
19136943
18438408
14506700
17074587
16213369
16105757
10700861
10025907
16046533
15251979
14555522
12885467
12433702
11368362
9766500
9680349
9365243
7689231
9403001
11719380
15951289
11480574
10719372
18948748
15075073
12515728
11265751
10861294
10393173
9844920
9331569
8681380
17361217
17361217
15334549
15075073
11313967
10706136
9290955
9226152
14551139
16114057
16875930
16688745
18648005
16826222
11289145
18640063
12661012
16283618
9731482
17551948
16111539
15188459
18778367
17574968
18492691
17361217
12242306
12367585
11701946
17369854
16105979
18940475
9731070
18438408
12649177
10779441
9326949
8605326
17541401
15287031
12646948
10550304
18708370
1650447
1312695
1320955
17361217
17361217
18509351
18089725
17612934
17537995
17519389
17320171
17110082
17094440
17086210
17073594
16982741
16900211
16049513
15883821
15588951
14586401
14576483
14569815
14563642
12816858
12748172
12644020
11607814
11532349
11522649
11110708
10994999
10807789
10741140
10552961
9763551
9561912
9450809
9274957
9209450
9121481
9209644
9021682
8781434
7579458
7655001
7772531
8122112
12505251
17967869
11021751
10391679
8661158
8570204
18683144
19052694
8562957
14508522
17361217
12353270
12213716
15297972
18923437
18799215
16873673
17361217
17116492
15721630
10830185
10222653
9166830
15454493
11830496
9858599
9074407
17361217
12183408
12461755
18566322
15755899
12543865
10995009
15725483
19380029
15182531
10397741
11325654
10929031
16939812
15100157
12874791
12645654
10556215
17361217
1899288
11746984
16778363
12839645
11285245
1321825
19339268
19039198
18705836
18335505
17638879
17525748
17478770
16964289
16952014
16381018
16140913
15184910
12561432
12414908
12401804
11059777
10393185
9823299
9721857
9294613
8917562
8790412
8875239
8643596
7636557
7624119
7536457
10866659
10700864
7630639
18457914
12550764
17361217
17361217
17361217
14697639
14697639
17897302
18172310
11063797
8889501
18561177
17361217
15256783
12970322
12519876
12364466
17361217
17651453
16444351
16179407
15379724
15238980
15077183
15182431
1520867
1671560
2078515
18594780
16091753
15805263
17549478
9720717
9207416
17568001
17568001
18798558
7892256
17194664
15467736
15065091
11964310
11704848
9278395
8622986
14612419
9834237
9691124
18543226
18509536
15308013
12691149
11593538
11587362
11552979
11243116
11212271
11172538
11122887
11068554
11066449
10942371
10942370
10874003
10867154
10797447
10702898
10688806
10609802
10553155
8755206
8703836
8605358
9206036
8727344
8721678
8608243
8536228
7500643
7638205
7759992
7539517
7536493
8580793
7648936
7628753
7529139
8773125
8525772
7719245
7719237
7534109
7987829
7697468
7935403
7934155
7858239
7831584
7519122
8144129
8293467
8260693
8142621
8238249
8136268
7920173
19273155
19075265
19065540
17934255
16772124
16056248
15899384
15771903
15179005
14642108
12505266
11929790
11807007
10913680
10897129
10699936
9864933
9737682
9209366
8674046
7858248
8208541
7507700
8274203
7682097
1337847
17361217
19041605
18953948
18780572
18371732
17929112
17561254
17456159
17454588
17342318
17317642
17217047
17172828
17007927
16928291
16925116
16835227
16788101
16638209
16637276
16630218
16375665
16330433
16273555
16132910
15988048
15860361
15604884
15572690
15448669
15359634
15278297
15160934
15124139
14706140
12935966
12642682
12060771
11987921
11781220
11704850
11704847
11699210
10484977
9864917
9734655
9694705
9680345
9636146
9577647
9535176
9530334
9389704
9401072
9369431
9354674
9242568
9242531
9207466
9772507
9156244
9136977
9096703
9122233
9002938
9031108
8923791
8684004
8654368
8152308
8152276
8296791
8402546
8394752
8394219
8394480
8393784
8395310
8385249
8095167
1453773
16790090
1591003
16010549
12351585
8872474
17361217
15188461
19136943
17361217
17008891
8161469
18000064
10497277
8541544
9096691
17361217
18438408
12823589
17361217
17361217
17361217
17361217
17361217
10980597
17361217
15368067
10849090
10369300
9589668
9001272
12457448
18583418
10083732
17361217
17361217
17361217
1312699
1649386
14607750
17361217
17361217
17568001
17934489
15156185
15927680
15551097
19016745
15052372
15124686
16900497
16015645
17361217
1850265
16161041
17361217
17620317
1384675
17568001
17361217
12681356
9080116
9275514
17568001
18083107
19136943
18438408
17671502
18172298
18172298
18580682
17764812
17568001
18714179
18267106
17471153
15163009
18234968
17361217
17361217
17361217
12696068
17361217
18618714
15208645
17361217
18438408
18720326
18563504
18333330
18262374
17609629
17334346
17272904
17197923
16957934
16946567
16861763
16813111
16556060
16142418
15914281
15793062
15725802
15641030
15467731
15240740
15140553
15043115
14576825
12133991
12097301
12065783
12063544
11910511
11561755
11224613
10685632
10645714
10565298
10396284
10348348
9846971
9428816
9285793
8607444
8579122
11866985
11866984
11450996
17721327
17197895
16157200
15879502
15735574
14649326
12037676
11274403
10072425
10070316
9788446
8081361
15350633
15350633
15350633
15338724
15338724
15257548
15257548
15069540
15069540
18992642
17418406
16682293
16462762
16226798
11107170
10935650
11535711
10359553
10889911
10879732
17361217
1382561
8412312
1402666
17361217
17361217
17311319
1683261
8754809
19287094
19129484
18635414
18202291
17922427
17622527
17095626
16928306
15877731
15863202
15770827
15356660
15156184
15155899
15120912
14990071
14724653
14630078
12850377
12661004
12200711
12127395
12124316
11841400
11801311
11468150
11455977
11435320
11432885
11167743
11157492
11106814
11091202
10774753
10597047
10583273
10557067
10557049
10551495
10544023
10488742
10463610
10453181
10451708
10084082
10049061
10049055
9539781
9498702
9389711
9277052
9226156
9067587
8982044
8751475
8943861
11601199
15514005
10845925
9360930
17476096
15179033
11159536
12468912
11347199
11328289
11001911
15952162
12837690
11943732
17361217
17361217
12907366
12168660
11751490
11126370
10914725
8510758
9653171
17691072
7970732
8187069
18922926
18798265
18794177
18694509
18500259
18358509
17971772
17172822
17108102
16951141
16575875
19136943
16585160
17361217
18438408
17671502
19136943
16254181
16585160
18172298
17361217
18172298
17361217
17671502
18172298
16166424
17063337
10216106
17361217
17361217
17361217
17361217
12764377
19136943
18438408
11536051
18438408
17568001
11237525
11358384
11358384
11358384
11358384
17027752
16410451
12594223
10935490
19136943
18438408
9740667
9740667
12527918
12527918
9694699
9694699
6584200
6584200
3513189
3513189
7665185
7665185
7665185
7665185
6584200
6584200
7805037
7805037
15361874
15361874
15361874
15361874
10706884
10706884
10502316
10502316
10502316
10502316
12700605
12700605
12080386
12080386
12810632
12810632
12810632
12810632
8506309
8506309
12203795
12203795
12661012
12661012
8521389
8521389
8122112
8122112
10958784
10958784
12527918
12527918
10908648
10908648
10681437
10681437
10829078
10829078
10829078
10829078
11244503
11244503
11244503
11244503
8401579
8401579
8401579
8401579
11063792
11063792
8417785
8417785
8988030
8988030
8988030
8988030
11821949
11821949
11821949
11821949
10469447
10469447
10469447
10469447
7784061
7784061
10753856
10753856
11739186
11739186
11739186
11739186
11739186
11739186
12023981
12023981
12023981
12023981
12543779
12543779
12543779
12543779
11536051
11536051
11536051
11536051
2069907
2069907
11836357
11836357
7539287
7539287
12378528
12378528
10602519
10602519
12378528
12378528
11156374
11156374
1549122
1549122
12618768
12618768
12618768
12618768
9596646
9596646
12696071
12696071
2000227
2000227
10910073
10910073
10337992
10337992
12181402
12181402
8499640
8499640
9671416
9671416
3923362
3923362
12719541
12719541
12944485
12944485
10688839
10688839
9598309
9598309
9598309
9598309
11930009
11930009
7503811
7503811
11285245
11285245
11285245
11285245
12917640
12917640
12917640
12917640
9147638
9147638
8988177
8988177
12915480
12915480
12915480
12915480
9238046
9238046
8782817
8782817
11157802
11157802
10029085
10029085
11986249
11986249
12124344
12124344
8453640
8453640
8510758
8510758
11986249
11986249
11986249
11986249
2370860
2370860
11587072
11587072
12939738
12939738
12939738
12939738
6587773
6587773
7991593
7991593
1386162
1386162
1386162
1386162
8183552
8183552
8134107
8134107
8084618
8084618
8187069
8187069
1522903
1522903
7700648
7700648
7700648
7700648
11782354
11782354
12203785
12203785
8695816
8695816
7731705
7731705
9462753
9462753
8168137
8168137
12181402
12181402
12661008
12661008
12661008
12661008
7761424
7761424
12124316
12124316
8171026
8171026
8171026
8171026
7795214
7795214
11782354
11782354
8171026
8171026
7795214
7795214
9121764
9121764
9121764
9121764
10197607
10197607
10359536
10359536
7862627
7862627
7862627
7862627
10949935
10949935
10949935
10949935
6586073
6586073
9949182
9949182
10373756
10373756
15034873
15034873
15448205
15448205
9576949
9576949
9207791
9207791
12660384
12660384
11438682
11438682
3691179
3691179
8098985
8098985
8275086
8275086
9479491
9479491
11556833
11556833
1283318
1283318
8789435
8789435
9479491
9479491
9345057
9345057
10706619
10706619
11110714
11110714
11579461
11579461
11579461
11579461
9259269
9259269
9259269
9259269
15087372
15087372
8896421
8896421
12181402
12181402
9616134
9616134
10329012
10329012
7670494
7670494
3349440
3349440
9892177
9892177
7736573
7736573
12649177
12649177
12649177
12649177
11986249
11986249
8563754
8563754
12461755
12461755
12461755
12461755
12461755
12461755
11782354
11782354
11782354
11782354
11782354
11782354
11782354
11782354
11106761
11106761
11986249
11986249
9393982
9393982
12118377
12118377
1760839
1760839
12118377
12118377
1396583
1396583
11371647
11371647
12527918
12527918
12527918
12527918
0
0
11433529
11433529
11433529
11433529
8168137
8168137
12539049
12539049
12539049
12539049
7795214
7795214
15326310
15326310
11431691
11431691
8570204
8570204
8506309
8506309
8896421
8896421
7888665
7888665
7833468
7833468
8242616
8242616
9010221
9010221
9600980
9600980
9600980
9600980
470981
470981
3536362
3536362
3194416
3194416
3486470
3486470
15146185
15146185
11704847
11704847
10602519
10602519
11156374
11156374
10397745
10397745
11493482
11493482
11493482
11493482
11704847
11704847
9288109
9288109
1630450
1630450
11986249
11986249
11986249
11986249
10397741
10397741
10477737
10477737
10477737
10477737
10556215
10556215
10556215
10556215
10556215
10556215
11986249
11986249
11986249
11986249
10958784
10958784
1967983
1967983
1967983
1967983
10500199
10500199
12907457
12907457
12181402
12181402
9373237
9373237
2170850
2170850
11704847
11704847
2170850
2170850
8872474
8872474
11395386
11395386
12837690
12837690
11704847
11704847
11704847
11704847
10337992
10337992
9740667
9740667
10441338
10441338
8387545
8387545
8395054
8395054
1391946
1391946
10611307
10611307
9393982
9393982
8287191
8287191
12037676
12037676
7539744
7539744
12037676
12037676
7539744
7539744
10072425
10072425
7539744
7539744
11433527
11433527
1683261
1683261
9740667
9740667
11700047
10652325
15925480
11979551
16736500
15284855
11231286
16858696
16843108
6345338
1782363
10602519
11156374
15188455
8180390
8387545
10381493
17712046
17724745
17724745
18060736
11568923
11486032
9115257
9115257
15715967
15715967
15715967
9302260
16298512
1605231
18266744
19012874
15710750
